English/CKTAUS_electronics1.en,0.04350397361262887 2.588264831702747E-6 0.005098310965505174 0.10847931348429718 0.09519614882667758 2.477435855201501E-4 0.01601603147995771 0.3962357921019293 0.041623229982357575 0.2935968676962966 
English/CKTAUS_finance10.en,0.08189614738335775 6.02232885747554E-7 0.006475000526337864 0.05031652334311411 0.5182929849345868 0.004682817699825683 0.021329211847078068 0.06718411867165844 0.2100880880279898 0.039734505333169745 
English/CKTAUS_finance11.en,0.08445923198755853 6.229659053982393E-7 0.005294004014663074 0.05260944172297174 0.5136247697949383 0.002492482076673408 0.024883772094294244 0.06802872978036001 0.20890397188013715 0.03970297368250158 
English/CKTAUS_finance12.en,0.08211098520487586 8.430151269528713E-6 0.009213036743562766 0.05262650848673753 0.509466063716044 0.005767139134450095 0.025191889185425864 0.06887164221610548 0.2085888920206756 0.038155413140857096 
English/CKTAUS_finance13.en,0.08503255946383964 9.090126857769169E-6 0.008788497714409113 0.057564828936629904 0.497651839543695 0.002941761488719526 0.024098572292282405 0.06942944354483878 0.21503902110137538 0.03944438578735643 
English/CKTAUS_finance14.en,0.08067869256576832 6.019071595614989E-7 0.004949352141545006 0.05403071532778704 0.5128182165756505 4.4051084893728887E-4 0.027889604486024143 0.07291098933298117 0.2075667548673112 0.038714561946839844 
English/CKTAUS_finance15.en,0.08941139008763926 6.123397269102942E-7 0.0066570309611241035 0.05398943829438289 0.5067305480782837 0.00379979842310312 0.023637891869365737 0.0662718079164029 0.2086097299255594 0.04089175210441564 
English/CKTAUS_finance16.en,0.08946335595655801 6.151442437496779E-7 0.0044308604525232125 0.05350671743139406 0.49566013484262417 0.0046577458334903015 0.02564922301802754 0.07247844587771596 0.21061584320197352 0.04353705824145302 
English/CKTAUS_finance17.en,0.09019235523787089 6.005383188702173E-7 0.0062490648092213595 0.04658209250045479 0.5038187187786154 0.003872610089523114 0.031245146478324125 0.07253060835344943 0.2029926362019832 0.04251616701224259 
English/CKTAUS_finance18.en,0.08435970131320314 5.902546231444199E-7 0.006189201094685896 0.05005071386839043 0.5074134618172624 0.003737680632486317 0.028009724733192323 0.0726532954362226 0.20366247234231327 0.043923158507624314 
English/CKTAUS_finance19.en,0.07546710779704341 5.930857419082916E-7 0.006989954538364577 0.06052825219701384 0.506178429630351 0.004827404463497596 0.026789310943061174 0.07196762005343431 0.2040518264244671 0.0431995008670291 
English/CKTAUS_finance1.en,0.07994476698478258 6.210042775256921E-7 0.0054062110694178414 0.07005255636418238 0.4920266199040401 0.004747290219555884 0.024708426783729854 0.08027883665002501 0.2045915462566372 0.038243124763355535 
English/CKTAUS_finance20.en,0.08198709351625952 7.5408156183347885E-6 0.007547675457809366 0.05391616654895918 0.5048581763017448 0.0054439591114805765 0.026326143367270155 0.08198419790604758 0.19800260968013342 0.039926437294680955 
English/CKTAUS_finance21.en,0.08675072097727007 1.0026586584515278E-5 0.004782760838665642 0.05131296297804545 0.5011115543208768 0.003054057321490584 0.023509601777739753 0.08259621416150902 0.2104033389836254 0.036468762054196524 
English/CKTAUS_finance2.en,0.08549585469710205 5.88426622999527E-7 0.00674998060376823 0.06107165318867676 0.5073309131850579 0.0014130303609205456 0.026280075315771582 0.08310192203660327 0.18901858172134753 0.039537400464133135 
English/CKTAUS_finance3.en,0.08826025455193931 6.097992465196662E-7 0.006824675851414943 0.056077733224144256 0.5036623390314139 0.002344127535925192 0.022987518054718676 0.08428553825083235 0.1928468066501649 0.04271039705020388 
English/CKTAUS_finance4.en,0.09965840079781144 8.29489000286034E-6 0.0051585086462368444 0.05575423584940251 0.4935308859440915 0.0017730305320136912 0.026806450613280654 0.07288661673683307 0.20257990994844813 0.041843666041883054 
English/CKTAUS_finance5.en,0.08752486951482498 5.905902429537931E-7 0.0063207609747312245 0.053151728153111574 0.49893034839423345 0.003786978769824099 0.02404543888876955 0.07694142949063985 0.21030792915751398 0.038989926066112304 
English/CKTAUS_finance6.en,0.07937488494559018 6.037966115539093E-7 0.0062506745030739205 0.06248515915848143 0.490197017754082 0.004260496653856064 0.023270212376565316 0.07867830324959361 0.21812266950789688 0.03735997805425304 
English/CKTAUS_finance7.en,0.09000188217843838 5.953293170020556E-7 0.007381099102584998 0.05255757647512146 0.5006021982300625 0.0065341657794177645 0.02514653384928163 0.07485604223636375 0.2057000356449786 0.03721987117443785 
English/CKTAUS_finance8.en,0.09923161314753885 5.916667958281191E-7 0.005485420575266909 0.05754115580528327 0.49668149228596525 0.0031381649535033363 0.024014584032177974 0.07056417646675903 0.20533246855973825 0.038010332506975206 
English/CKTAUS_finance9.en,0.08667821559491505 5.957162861371709E-7 0.010223842625434274 0.0499445477404471 0.5048849988128884 0.0029106856895542753 0.026449726266360763 0.07276519409674367 0.20357485656550486 0.042567336891869256 
English/CKTAUS_hardware1.en,0.18416368800936436 1.544798290396385E-6 0.07073192917799283 0.058814054657236506 0.24126490921463023 0.001157014295147241 0.0661397850051395 0.17323195491620103 0.1350118363188853 0.06948328360711437 
English/CKTAUS_industrial1.en,0.24223746718628156 1.5113802448443758E-6 0.020951460068527293 0.08872420881807146 0.12160836285666084 0.0017129509591571456 0.04929670392105179 0.2330178049727926 0.0953243321834973 0.14712519765371726 
English/CKTAUS_industrial2.en,0.23099392567942015 1.5026342555964117E-6 0.024867017447269553 0.08936491984603649 0.12168371375500672 0.0037530505517779306 0.04350115790305848 0.23852133588908103 0.09364965411479774 0.15366372217929833 
English/CKTAUS_industrial3.en,0.24057396902528846 2.4823223966960848E-6 0.022966267099182612 0.09260400897885743 0.11686169520814155 5.582332230162962E-4 0.04257176186970542 0.23419645408071788 0.10056635685790388 0.14909877133479177 
English/CKTAUS_industrial4.en,0.23723928863709204 1.6257174231634803E-6 0.021698209488573945 0.0800417590919831 0.13265042336115493 0.0010367542846050624 0.04819018428659242 0.22700215693511602 0.08479919975267597 0.16734039844478524 
English/CKTAUS_industrial5.en,0.23421290298462838 1.6144306468445553E-6 0.018588595826997543 0.07400102402066576 0.13454337934705793 0.0027842145992660996 0.05988262412553288 0.2342029066123127 0.08943529762272857 0.15234744043016538 
English/CKTAUS_legal10.en,0.12802653121696253 9.101834370891347E-7 0.03578341042037641 0.038310519548472644 0.41546559345970674 1.5787374808339782E-4 0.03436753185051386 0.12199327691975985 0.1749616593926081 0.050932693260082706 
English/CKTAUS_legal11.en,0.10931154453366997 7.400928900048197E-7 0.011956938238996464 0.02979477886734245 0.4371780849713685 1.8590195060952857E-4 0.03009485282780644 0.1194661732973827 0.2116494991990843 0.050361486020853066 
English/CKTAUS_legal12.en,0.13006185882212554 7.912478264492899E-7 0.022002731761877996 0.020513690055567812 0.41675704093606775 4.5829420548446915E-5 0.03859546441481429 0.11830848691567371 0.20036879140095193 0.05334531502454951 
English/CKTAUS_legal13.en,0.1910362472322894 8.066094733496452E-7 0.01928504843959446 0.06366459986689053 0.3310104599482053 0.008524077774183 0.04672917097576505 0.13465569638117575 0.15702792694661852 0.04806596582580846 
English/CKTAUS_legal14.en,0.13934203234229772 3.2543307046422897E-6 0.09362442433913669 0.02603439859122462 0.3846487899898199 0.0026934953163513025 0.04012503509879017 0.08752190597028936 0.16938476683107567 0.05662189719031336 
English/CKTAUS_legal15.en,0.0866683303955073 1.9355161097102425E-6 0.04612047599981181 0.029128654383124595 0.4072193352548303 6.807036534428974E-4 0.01770671164331651 0.11690015054727705 0.22541006682999762 0.07016363577658619 
English/CKTAUS_legal16.en,0.12259344734348233 6.45043813422962E-7 0.09363078850934427 0.03943998378924111 0.3216846562092175 0.003172862257571739 0.024195602208820857 0.0954404121183177 0.2314987907311555 0.06834281178903939 
English/CKTAUS_legal17.en,0.12365260226357577 6.861802483587918E-7 0.0798465453030937 0.0375269960809076 0.38407283344282617 5.878244077318867E-4 0.020741799666869582 0.10209997956631629 0.19785884109695606 0.05361189199147812 
English/CKTAUS_legal18.en,0.1104735646709187 1.1191033938139831E-6 0.058694796323090416 0.02957321226283285 0.42623606952296667 2.334991019817417E-4 0.024644609313690592 0.09565548330608871 0.19276164897908685 0.06172599741595316 
English/CKTAUS_legal19.en,0.09979607100903289 6.991122295613321E-7 0.057575065931463096 0.03285306592831957 0.4001460394589426 7.09062803576088E-5 0.033417723346095135 0.1176144896033303 0.20391412997432157 0.05461180935591127 
English/CKTAUS_legal1.en,0.0956684256159525 6.202132051105762E-7 0.027243809160066915 0.025481725627626687 0.44988307368643005 3.291761731029628E-4 0.019990209016957663 0.11366006725331258 0.23180383604104993 0.03593905721229963 
English/CKTAUS_legal20.en,0.13649130071854926 7.299334958971981E-7 0.07402011842938346 0.04203072229884754 0.3933846670696261 1.2712947515371135E-4 0.025085183424888805 0.09423078012932122 0.17422784355525228 0.06040152496548516 
English/CKTAUS_legal21.en,0.09571637531360234 6.994888809933316E-7 0.06444480365748616 0.06372406774876901 0.40696837489758825 3.0537725418111196E-5 0.0394348835402039 0.10592098570252462 0.17549033519245266 0.04826893673307755 
English/CKTAUS_legal2.en,0.09210800143072036 7.337838451475555E-7 0.052327026556704875 0.03267853532310883 0.427722649224375 9.326183193522267E-5 0.021271773498679373 0.1227634744383717 0.17565239778632716 0.07538214612593566 
English/CKTAUS_legal3.en,0.16041592748808586 1.101103532623584E-6 0.1665194244336726 0.024351258795505648 0.29875648285711837 0.015070978154960455 0.032328398654705166 0.09715443343107963 0.18057375954783975 0.0248282355335028 
English/CKTAUS_legal4.en,0.1009384091097322 1.6635591069317567E-6 0.1956103501698253 0.05636553067270798 0.24761559876909353 0.12494935196335481 0.04541936720197622 0.07238482306972777 0.10615506823815658 0.05055983724632047 
English/CKTAUS_legal5.en,0.13519368003704577 1.1653438236252479E-6 0.15238748004617245 0.065943811989304 0.3150678224079524 0.03438856059791945 0.027730416328958164 0.07563301594419979 0.13175724980203452 0.06189679750259289 
English/CKTAUS_legal6.en,0.1089576173677098 7.506837285144608E-7 0.11410377252594024 0.05397449259772481 0.38674820940209054 4.080313494521896E-5 0.03712006749143112 0.08268611239484157 0.16327734089555046 0.053090833506041185 
English/CKTAUS_legal7.en,0.10448304841281515 7.162096004173375E-7 0.07267899058432331 0.05024286031234036 0.4184245732501212 1.4108399098119182E-4 0.022554104162439095 0.10101199450699062 0.17260188476952618 0.05786074380086587 
English/CKTAUS_legal8.en,0.11442712324159393 1.210511586705582E-6 0.032521789787760345 0.024472831199466957 0.434352959251561 2.0167569338030536E-4 0.022652447858636505 0.12097971123215998 0.19974328064847738 0.050646970575380305 
English/CKTAUS_legal9.en,0.10090558134812797 8.294106958853015E-7 0.07899244135406826 0.060388572690979594 0.38083225568107015 0.002228915573398671 0.016787342362421888 0.08639913037702883 0.19381082721039597 0.07965410399181644 
English/CKTAUS_pharma10.en,0.11633840695310506 9.446184791136258E-7 0.3850465921149743 0.027870394302014483 0.16981839329113577 0.0021154568246455996 0.0430134148071489 0.10273258999673002 0.07843129005314504 0.07463251703862425 
English/CKTAUS_pharma11.en,0.0983358187230701 9.532298241289105E-7 0.389511888727535 0.03850852213425321 0.18901700898637547 1.5310372887190622E-4 0.02355788265897418 0.049808675898138234 0.09942493600361108 0.11168120990934888 
English/CKTAUS_pharma12.en,0.11286412814689605 1.0010643314675545E-6 0.4093408942869118 0.031282759500595815 0.16898296262528303 2.257535129343471E-4 0.03806253193793397 0.07731965757704193 0.09943748584311654 0.06248282550495733 
English/CKTAUS_pharma13.en,0.09043834159682441 9.058440650520693E-7 0.42712347977470005 0.027821371661659273 0.1817578464389697 0.0017779689524437153 0.03452281257554715 0.08509213908002689 0.09727387329942325 0.054191260776343196 
English/CKTAUS_pharma14.en,0.09598732222820656 9.768371919199386E-7 0.4170718892187043 0.03174688886356438 0.18072803915915087 6.9888377504622E-4 0.03252540891758612 0.07549996665475661 0.09199910823369405 0.07374151611210142 
English/CKTAUS_pharma15.en,0.10547269881160827 9.541054446219862E-7 0.41310915130758774 0.021875360483102263 0.20982540794522725 5.37688267699198E-4 0.02083942414033273 0.06251998462004425 0.09447698899926901 0.07134234131968718 
English/CKTAUS_pharma16.en,0.1100901834795543 1.1577235201107855E-6 0.3925930894210046 0.029616059533612626 0.18019110994718868 0.009693243238497531 0.045491987119035814 0.062259217754924594 0.09969457585909852 0.0703693759235653 
English/CKTAUS_pharma17.en,0.11435727171960879 9.91571344478503E-7 0.39357548648457746 0.025369208525228233 0.167202313059268 0.005336313980742351 0.07576398808956943 0.08202867705697159 0.08993164002132731 0.046434109491364936 
English/CKTAUS_pharma18.en,0.10815586192936716 1.0192708560657057E-6 0.3859263403635669 0.0310026790432689 0.19709235201999406 0.007697356170086327 0.030770455160774174 0.0937073987460187 0.095492517603579 0.050154019692491024 
English/CKTAUS_pharma19.en,0.08173050432669007 1.2062140775227747E-6 0.35808113138625486 0.05398970704293955 0.16350144037438816 0.008075987473666571 0.048076970308672855 0.0648333590519522 0.09861080202917637 0.12309889179218345 
English/CKTAUS_pharma1.en,0.10690941624904417 9.385298577021875E-7 0.3424822867184826 0.03178567602957092 0.18414101755107273 0.0036399274770529317 0.036923760474706885 0.06959549823727676 0.0881121926825991 0.1364092860503385 
English/CKTAUS_pharma20.en,0.10079756653975305 1.0084510632405205E-6 0.33941547828210844 0.049010018937515235 0.19583371165423347 0.0066943659853961725 0.04780719757141386 0.08450025517039103 0.10212885514853905 0.07381154225958897 
English/CKTAUS_pharma21.en,0.09471500769633526 1.075562770244045E-6 0.3473802897085008 0.04022047193448567 0.19229648380524547 0.003968884871261749 0.03500723728701454 0.11070518450615727 0.10892622547816301 0.06677913915006829 
English/CKTAUS_pharma2.en,0.10241446245383666 1.0055222633814735E-6 0.3286305546760342 0.04882322109289772 0.1940007128070619 1.7512762233487376E-4 0.032903977224698566 0.08195295317177467 0.10819364270083208 0.10290434272826833 
English/CKTAUS_pharma3.en,0.09693717742541381 1.1129014894031879E-6 0.3569825464434293 0.027640059698553758 0.1967704904504696 0.003174093970121349 0.1043043142524961 0.07783595765664848 0.06309002099144834 0.07326422620993198 
English/CKTAUS_pharma4.en,0.10779121282214914 9.797242436231665E-7 0.2914922260782967 0.04121939450461379 0.17484390572791825 0.001428996852471571 0.10999230784158434 0.10576659630320828 0.09509796091240902 0.07236641923310809 
English/CKTAUS_pharma5.en,0.09250412775111494 1.0879553418317231E-6 0.2940283436813176 0.03761757917584291 0.22818178691670427 0.0012990049647956519 0.07827531550079464 0.14030607857955316 0.08113899089714392 0.046647684577393995 
English/CKTAUS_pharma6.en,0.09728554817892028 9.027996526510588E-7 0.3728954819527768 0.030698556585838994 0.17336550572756348 7.933192962753874E-5 0.057142147202350856 0.13898227063259913 0.06723555705210962 0.062314697938563625 
English/CKTAUS_pharma7.en,0.1080748288256838 1.1079944824537582E-6 0.2623024798447267 0.03051375953496408 0.20042271636062184 0.0025880088025579946 0.10096421128552943 0.1066511764312446 0.12893406372946806 0.05954764719072352 
English/CKTAUS_pharma8.en,0.08538583623705576 1.1269893566025184E-6 0.28214720539595 0.03454031259320788 0.18488027806960447 0.005215551327393746 0.07214868176360034 0.06926254616414564 0.11980467262772056 0.14661378883196705 
English/CKTAUS_pharma9.en,0.08955584624648391 1.0919202762230868E-6 0.35010450065672044 0.03400904850050594 0.1858273400460711 0.007866757272254587 0.03905009026692327 0.08626835480248486 0.0833954999071752 0.12392147038110642 
English/CKTAUS_software10.en,0.10213146729711459 8.75702727910372E-7 0.3014828920682491 0.033153928055010544 0.18019651555760802 0.06987806180164631 0.04630722991173423 0.07664259420910395 0.0962429492299768 0.09396348616683126 
English/CKTAUS_software11.en,0.09724853292759203 8.867172278486607E-7 0.2951278565569988 0.040369576607258296 0.18305301300407695 0.07134445545349104 0.04915863176541575 0.08476948561711961 0.09674459316614321 0.08218296818467914 
English/CKTAUS_software12.en,0.10000060639703097 8.671248147102693E-7 0.30998188487194595 0.03382603145497978 0.1796409985515755 0.05259075971560115 0.04679483460037746 0.1000292492805073 0.09814237330873968 0.07899239469443019 
English/CKTAUS_software13.en,0.10294158129774728 1.5157258498300133E-6 0.30579577157764176 0.044191567764840706 0.16941547989035788 0.0521821888267021 0.049351364319862354 0.09600487068076355 0.09832544824025292 0.0817902116759843 
English/CKTAUS_software14.en,0.09859922436652217 8.404620463950851E-7 0.3056758568036242 0.051531715129114454 0.17573864913083903 0.052089729765127026 0.04621967921504165 0.08626465983120724 0.09822766362246879 0.08565198167401172 
English/CKTAUS_software1.en,0.07811270781492588 1.8976341582847283E-6 0.19062164508010707 0.1335120242928118 0.19076144929249164 0.042396253565988036 0.0634963822710367 0.1204008176058625 0.08148273169084795 0.09921409075177332 
English/CKTAUS_software2.en,0.10163938791894543 8.704190116386066E-7 0.29787483797843034 0.04917097363990226 0.18242406958099713 0.051039416475922424 0.046196049744726665 0.08440943559967368 0.09957173102163981 0.08767322762075329 
English/CKTAUS_software3.en,0.10669066394026434 8.883350940649582E-7 0.2960863624336514 0.0502375570974195 0.18276804802307947 0.05528421730566445 0.044865586288680946 0.08677468408471037 0.09578963038628716 0.08150236210515112 
English/CKTAUS_software4.en,0.09495282121354666 8.369404633335064E-7 0.3108019041878973 0.050622226677370125 0.18381036510956872 0.05516561891381297 0.04471587756913666 0.08306327921187788 0.09913935403888027 0.07772771613744894 
English/CKTAUS_software5.en,0.10608956450428382 8.511603788279609E-7 0.29632358771363576 0.05179675013726495 0.18010748274525681 0.05923085157993298 0.04696219637432907 0.08549130423072794 0.09513542759500979 0.07886198395918285 
English/CKTAUS_software6.en,0.10318372354445628 8.45662614057066E-7 0.30002681301242023 0.054997526909016374 0.17696599356843715 0.0478472265167872 0.04662991240301624 0.09214970030511435 0.1001550421996444 0.07804321587849662 
English/CKTAUS_software7.en,0.10259581174484848 8.522312256201211E-7 0.30839613628232454 0.04513319590601605 0.1754651598698799 0.053269518117148446 0.04266350514126027 0.08460514258541631 0.10060904173269161 0.08726163638919142 
English/CKTAUS_software8.en,0.10067805571301428 8.779232568239453E-7 0.2992276782370853 0.049500355785175025 0.17805261641215483 0.05559356116495737 0.047938564953421546 0.08458995187139305 0.09772479607960288 0.08669354185994167 
English/CKTAUS_software9.en,0.1018275075324388 8.619437981366507E-7 0.3039743532746955 0.05418582214784882 0.17481733653123022 0.05409421738918933 0.045341150875169475 0.08352423172912248 0.09914806601797586 0.08308645255853414 
English/CKTAUS_undef1.en,0.09481528224693012 1.1947443859771916E-6 0.1467931092895528 0.13884369005194985 0.2382040161739501 0.019327148655509944 0.046707272798919175 0.11017794618588383 0.1336916777300188 0.0714386621229022 
English/CKTAUS_undef2.en,0.07926497710731761 8.08283327419123E-7 0.07195606289971777 0.061258663247728475 0.3893347129852216 0.004527460142290491 0.026032910251428516 0.09451825703201695 0.23073881580827243 0.042367332242682736 
English/CKTAUS_undef3.en,0.08121186901598042 6.638148183244438E-7 0.042577810797162795 0.0308255661799136 0.42102019566184 0.003238209455139007 0.023419831143362286 0.08025384272121648 0.273805430842986 0.043646580367584446 
English/CKTAUS_undef4.en,0.08609926752657819 4.85212542299604E-6 0.04483440974686964 0.028307658083749018 0.41462461458829214 0.0056166443634683445 0.02290499702631932 0.08200397087923356 0.27139486923656575 0.04420871642350452 
English/CKTAUS_undef5.en,0.06281069749736788 1.147829542886377E-6 0.051395917260403594 0.1619022332223141 0.30483985159068966 0.003228689524917156 0.042917578914616665 0.16076405622669804 0.13515843267272912 0.07698139526072448 
English/CKTAUS_undef6.en,0.06298996389259082 7.587068793097044E-6 0.05249586440026233 0.15216405140535016 0.29153444659591865 3.5828421685870916E-4 0.041294043158531794 0.2076983491026076 0.12427871951845847 0.067178690640625 
English/CSTAUS_business10.en,0.04378261459639484 1.676627686667175E-6 0.06389025824589961 0.08843477795004684 0.2615453878768028 0.02756967596165454 0.10346066718386272 0.22416616282370452 0.08870544437006642 0.09844333436388314 
English/CSTAUS_business11.en,0.057501342720097874 1.7052550425171591E-6 0.07085623405877274 0.0971052778818106 0.2476671106868438 0.020625708905566267 0.13456251108294978 0.2096058786129719 0.09432931320159624 0.06774491759435042 
English/CSTAUS_business12.en,0.05559993669963121 1.7784444364249317E-6 0.06141331464989405 0.07103123258734784 0.25930400610908855 0.0173496082745949 0.12506482619098067 0.21913483810140424 0.09640695136347856 0.09469350757914528 
English/CSTAUS_business13.en,0.05781183623329753 1.8027263425410713E-6 0.06270179093673456 0.08694914158572413 0.2602705580899332 0.024892758579457056 0.12863913600134924 0.22948062192249363 0.07029548488639269 0.0789568690382773 
English/CSTAUS_business14.en,0.05351684093819859 1.4865763394275176E-6 0.07923181808902821 0.10565782082870542 0.24963710340454426 0.02492587814776313 0.12827286235827376 0.17427156152257242 0.10867757113916905 0.07580705699540773 
English/CSTAUS_business15.en,0.05451577185138292 1.5864836859438657E-6 0.07315424970185287 0.0988388382283984 0.25367564284989547 0.03246294087884977 0.11984537813554058 0.1962728457468112 0.08699894348539862 0.08423380263818629 
English/CSTAUS_business16.en,0.05159862808417038 1.6921056458110539E-6 0.0636365526813558 0.07244845061117049 0.26898475830567314 0.021634791427300525 0.12532143098280532 0.20724140405800473 0.09147685165460936 0.09765544008926623 
English/CSTAUS_business17.en,0.06680869439823446 1.5744594080562494E-6 0.055048616394504056 0.09545215709865117 0.23314071365108283 0.016250048766157082 0.13699463144955978 0.19044882899382815 0.11005740570262534 0.09579732908595096 
English/CSTAUS_business18.en,0.08006856530630274 1.5435739001651402E-6 0.06462907375606672 0.09836827121511166 0.2554327571644 0.02707596129139637 0.10791845283024595 0.19192414752683312 0.08098455305431447 0.09359667428143051 
English/CSTAUS_business19.en,0.058964384698409276 1.593297849179206E-6 0.05863319367240527 0.10076779837204758 0.2637361398857688 0.021024823102868552 0.12971057329027022 0.20405625872277078 0.09035648541312967 0.07274874954448261 
English/CSTAUS_business1.en,0.047645485905141574 1.989155681943297E-6 0.0638451186143136 0.08059327971111038 0.3105648598332283 0.0010160174871906187 0.12344680257514583 0.22212400844421645 0.08671359545876411 0.06404884281520871 
English/CSTAUS_business20.en,0.05206644392031441 1.4595590803440476E-6 0.07336697297571032 0.09859240145290846 0.293419872134755 0.017028340624109344 0.11086935174000297 0.19795439069589385 0.07843571483763759 0.07826505205958965 
English/CSTAUS_business21.en,0.06662365402823796 1.5264844178224324E-6 0.07912388758943811 0.07800281778103754 0.25329169173688393 0.005590353578830708 0.1275883410162915 0.2092737960899549 0.08238604201003703 0.09811788968487249 
English/CSTAUS_business2.en,0.06214316281892105 1.9899178589472047E-6 0.0429785152230991 0.07975848878756392 0.2990512191078773 0.014011413756799242 0.11568319151413134 0.22515098291848373 0.08492323440910655 0.07629780154616035 
English/CSTAUS_business3.en,0.06016724544379306 2.1167123852565366E-6 0.044791681082725056 0.07454387800859981 0.3068857562076594 0.014886084934176159 0.10362481781887097 0.24613177008432063 0.07990789128416126 0.06905875842331023 
English/CSTAUS_business4.en,0.05798570879559207 2.0577245831687782E-6 0.06510822002391721 0.07801363060100136 0.28811396484429985 0.028779280394009264 0.12831119042197905 0.19501313210417637 0.08188980978132178 0.07678300530912151 
English/CSTAUS_business5.en,0.0593024528124123 1.7559946520052655E-6 0.05424879963063131 0.07432856745021316 0.29425871205275284 0.031704966253297814 0.1244591428484337 0.1890808368080228 0.07890496014719393 0.09370980600239162 
English/CSTAUS_business6.en,0.051521050668727794 1.8225492610815799E-6 0.0800803468231338 0.08207446051830489 0.2724037923524965 0.022251090998902275 0.10030706270685787 0.22308106867952157 0.08446651701189711 0.08381278769089903 
English/CSTAUS_business7.en,0.06323706151849995 1.7960761351723064E-6 0.07488618284638852 0.09960511688215133 0.22655927088844038 0.034170663104110086 0.12790713028592118 0.2121387326059787 0.08209705647414747 0.07939698931822925 
English/CSTAUS_business8.en,0.0621313707047358 1.70974624779492E-6 0.05351016359260848 0.0963660583624861 0.25609504396029636 0.02943479197132918 0.12756072091401294 0.1991315623942216 0.09205984440647888 0.08370873394758467 
English/CSTAUS_business9.en,0.04406374282412095 1.7764166799084438E-6 0.0717329155133942 0.07902149010573938 0.2691015266565389 0.012209126842719409 0.12350713222945198 0.22409436449478165 0.0921923618437259 0.08407556307284968 
English/CSTAUS_electronics1.en,0.1882617396966548 1.4046849895031254E-6 0.1374676315374961 0.07073406588058956 0.16284439243647433 5.261448998038393E-4 0.16653265628255445 0.10484284465416438 0.08190514510547381 0.08688397482180092 
English/CSTAUS_electronics2.en,0.16208557276377344 1.3982556499510132E-6 0.12424102370212801 0.09012760474714816 0.1770069238552347 1.8768612841812412E-4 0.15753170141933634 0.1236405077296192 0.09182517383855933 0.07335240756013461 
English/CSTAUS_electronics3.en,0.10209119580562653 2.070852880132369E-6 0.08301989362532602 0.1143604985168079 0.23600120087887339 0.004085296193532995 0.10097360585247506 0.1223156960149132 0.10831479982445891 0.12883574243510768 
English/CSTAUS_hardware10.en,0.10383348851200712 1.1629951298262888E-6 0.06167201284093446 0.09088627214739498 0.21302160936379752 9.639032199986154E-5 0.1712194519548112 0.1508037216416626 0.13320275962303463 0.07526313059923077 
English/CSTAUS_hardware11.en,0.12724633785174988 1.2455581419899144E-6 0.06530760847987643 0.08676075033663105 0.21742189350879562 9.790352781301453E-5 0.11364604499526808 0.14968824347575568 0.12985975767773753 0.10997021458823318 
English/CSTAUS_hardware12.en,0.09149225583054504 1.5738232308956707E-6 0.05413856227711395 0.06920688547672438 0.2961563014410021 0.01759035173908916 0.08058740161702084 0.16400467106410543 0.13556640753327953 0.09125558919789027 
English/CSTAUS_hardware13.en,0.09926008885850882 1.2277918019005338E-6 0.08477876706155989 0.08922005986196087 0.22883745090106375 8.599968309058715E-5 0.10954090731838946 0.1468228641866979 0.11219825199063056 0.1292543823462989 
English/CSTAUS_hardware14.en,0.11418661872659294 1.0449694457079036E-5 0.06973791852348998 0.09338948293088657 0.2060449815741621 4.695069427378356E-5 0.10657851512024061 0.17950230026500094 0.1201755670254811 0.11032721544541826 
English/CSTAUS_hardware15.en,0.10902655354635198 1.2021190651679636E-6 0.06599369853068221 0.09749042031409676 0.16805247631453582 6.105420704273237E-5 0.1493990120259066 0.16628112008557921 0.12374314407155192 0.11995131878519066 
English/CSTAUS_hardware16.en,0.11281529316180601 1.2721015670693787E-6 0.07149125060309064 0.09307587894747726 0.21587621813642235 8.175964968427346E-4 0.11068992820290575 0.13921098467309856 0.13481351642633999 0.12120806125045197 
English/CSTAUS_hardware17.en,0.09234228174361397 1.3128345334267987E-6 0.05638838299820411 0.0751625298852139 0.22638012838552093 8.446632349715682E-5 0.10656718084200535 0.16744028351749696 0.12262675558901151 0.1530066778809047 
English/CSTAUS_hardware18.en,0.10783385368701762 1.1748342361453808E-6 0.0759382985053201 0.08720918614582193 0.20875044317276323 5.63170545992233E-5 0.12083075735772465 0.14913411467617388 0.11694635971898412 0.133299494847362 
English/CSTAUS_hardware19.en,0.09794441211633453 1.0955289140317512E-6 0.06055152886074301 0.08195433154635548 0.2387691190693983 3.759693210651709E-4 0.12063013983907028 0.14453998581967217 0.11431484733902218 0.14091857055942794 
English/CSTAUS_hardware1.en,0.14337237108345305 1.3678120949214995E-6 0.05979448886594631 0.0869830278108346 0.21162660837945327 0.0017599616975595119 0.08887693571187576 0.16144133988063353 0.10929339306111963 0.13685050569703144 
English/CSTAUS_hardware20.en,0.11224887866230046 1.040370245378319E-6 0.06829304092016533 0.07866049228631138 0.2422578741665866 5.061331822613554E-5 0.09074803347367898 0.15628102471716676 0.13678902823285616 0.11466997385246624 
English/CSTAUS_hardware21.en,0.10900256139234904 1.0051330415847564E-6 0.06411479211734276 0.08106707495286661 0.2507861390157102 0.004684590946414823 0.10000519221792795 0.13709291720282127 0.1422459970062008 0.11099973001532859 
English/CSTAUS_hardware2.en,0.11710795560234909 1.6425136130455508E-6 0.07083211033128578 0.08330986710317247 0.2213682368101705 6.573966346949475E-4 0.11509466433426907 0.15001702637512807 0.1010016195216833 0.14060948077363566 
English/CSTAUS_hardware3.en,0.13767306333315993 1.7329472906126242E-6 0.05158410842966124 0.09014109365696452 0.21678927523472852 3.4260398519497765E-4 0.10611910324341862 0.15931481121775845 0.09739487794136141 0.14063933001046372 
English/CSTAUS_hardware4.en,0.10386390333847662 1.4509954298282532E-6 0.06440462563110488 0.0943476540032457 0.2101730278863731 0.002102926757834283 0.11793738324403953 0.1534029589488703 0.11628464480001019 0.13748142439461755 
English/CSTAUS_hardware5.en,0.0933194031372235 1.5121136751460427E-6 0.056420981179386175 0.09174251986889795 0.24818961191804428 0.005683306015897047 0.1093271875930678 0.1591312369263377 0.11490332193098486 0.12128091931648743 
English/CSTAUS_hardware6.en,0.0928726931558157 1.5243934461643751E-6 0.071443578288593 0.09535542822576648 0.18714236179966862 6.111505146866983E-5 0.14325536603886974 0.1675986506171437 0.10001747884969507 0.14225180357953507 
English/CSTAUS_hardware7.en,0.09609187497960897 1.4390674236468534E-6 0.08192451192892253 0.09389226461342468 0.19040314141220924 3.408958627128269E-5 0.1311121736476111 0.15886306033017344 0.11789751812764675 0.1297799263067106 
English/CSTAUS_hardware8.en,0.09816231283648234 1.19906600630291E-6 0.08301160432717224 0.09632013752725048 0.19373102284721228 9.766965965803427E-5 0.10841210451371946 0.16035691576800737 0.13128151232349788 0.12862552113099648 
English/CSTAUS_hardware9.en,0.10604595973382294 2.4153813640240417E-6 0.07610315980055303 0.09123992875377145 0.17458231557466225 2.6360178293781843E-5 0.15566488088465769 0.1588040591980251 0.12077138033608788 0.11675954015876416 
English/CSTAUS_industrial1.en,0.0846215210945615 3.0397149263580603E-6 0.06314401938197775 0.10747615026511746 0.225415310973009 1.2403420418487373E-4 0.047673954700735106 0.2013392125140861 0.07579224597679007 0.19441051117461308 
English/CSTAUS_industrial2.en,0.08924349782688694 2.084986497557148E-6 0.06509054669577512 0.12008655064111717 0.19679114276818208 0.0015288888804168444 0.06219955120022045 0.18980227504589872 0.08184615075966625 0.1934093111953409 
English/CSTAUS_industrial3.en,0.09511608530273369 2.1514964318944333E-6 0.0906380864901787 0.14053749172938942 0.18151390864020675 0.0010575097492225918 0.04487983253542031 0.18602925422543812 0.12127869812874464 0.13894698170223607 
English/CSTAUS_leisure10.en,0.046621960086797976 2.633323759780919E-6 0.1394874985109455 0.09636743497784392 0.2118744366187907 0.017501360332690567 0.07080528266839006 0.10992196159073482 0.10573739420039271 0.2016800376896562 
English/CSTAUS_leisure11.en,0.05326427536540035 2.681824577871814E-6 0.12695107418322096 0.12184297178936683 0.21037373606774734 0.026831931299763644 0.07153178367517382 0.11919326259858094 0.0963413925175436 0.17366689067862667 
English/CSTAUS_leisure12.en,0.050245722223409665 2.729273845769541E-6 0.13479704117569077 0.11374307146876132 0.22234670845657614 0.022094168865181434 0.0720013053280331 0.1052714702681528 0.11088255334244451 0.16861522959790656 
English/CSTAUS_leisure13.en,0.048269380195080445 2.698546780465162E-6 0.13838322783340334 0.11972942960158334 0.2047476713125913 0.028738987415161718 0.07273798955192666 0.11434195427898787 0.10572169078041234 0.1673269704840745 
English/CSTAUS_leisure14.en,0.047417080541264055 2.6625753978552963E-6 0.13468721579097143 0.11544657812691422 0.21829722240105962 0.022296677232925385 0.06439327542351025 0.12384819108140656 0.10785188185945457 0.1657592149670982 
English/CSTAUS_leisure15.en,0.05286857301822189 2.7908749791799253E-6 0.1324337014914351 0.11993672191616499 0.21134688663902992 0.028181736756890844 0.061144953861996885 0.11240442867010565 0.11662949401259667 0.16505071275858077 
English/CSTAUS_leisure16.en,0.04332767575369537 2.778927959628725E-6 0.1271460781465039 0.1180419711238944 0.22627100618058954 0.019327192413140605 0.0711708648631575 0.11341953251012764 0.10934842576649188 0.17194447431444146 
English/CSTAUS_leisure17.en,0.05113456175952059 2.7417614980436133E-6 0.12429193837003917 0.1131000816927406 0.22385874034024983 0.017559196053714275 0.06579215376700653 0.12667114704774082 0.10488063073321463 0.17270880847427753 
English/CSTAUS_leisure18.en,0.060853949952125334 2.7264082171359563E-6 0.13778011313692506 0.1155116295875334 0.209014028881547 0.02066130221987606 0.06980245418857081 0.11690493755408674 0.09905907599724798 0.17040978207387256 
English/CSTAUS_leisure19.en,0.0578760160429115 2.6648524645508078E-6 0.13439950200520417 0.11793800284402345 0.2215151646010398 0.021713296208904023 0.07106958745158357 0.11541338938800803 0.10155663394773867 0.1585157426581245 
English/CSTAUS_leisure1.en,0.047723293802937015 2.6753773338547415E-6 0.13861843463691234 0.11884263528451615 0.22199318233931709 0.02029556706626279 0.06666046958274538 0.11672398987937327 0.10937785678288435 0.15976189524771986 
English/CSTAUS_leisure20.en,0.05443215474767213 2.753877097262237E-6 0.13134384593539203 0.10627821681516784 0.22018158242461353 0.0243496049153357 0.07263661897635128 0.1195459188385684 0.10351171390453573 0.16771758956526817 
English/CSTAUS_leisure21.en,0.04950456648486954 2.7004176846573677E-6 0.12926404809372918 0.12406660781102359 0.22430781824379542 0.024970794545746338 0.07137100421783464 0.10719356852492957 0.10351479894568724 0.16580409271470184 
English/CSTAUS_leisure2.en,0.06278225907912939 2.7739801691265785E-6 0.13754117560121706 0.11589109183599809 0.2057172042255296 0.026891419971567545 0.06624677710025921 0.11259838575691603 0.09320866019025528 0.17912025225896058 
English/CSTAUS_leisure3.en,0.05595503194801947 2.7192704035898134E-6 0.13792749231309454 0.10849930762138654 0.2221523241712902 0.019358313941923867 0.07055250314097279 0.10911907365510767 0.10201700228745164 0.17441623165035178 
English/CSTAUS_leisure4.en,0.047690590853305334 2.5493021789378975E-6 0.13370967691383712 0.1113387506903552 0.223331163317202 0.021669913327188588 0.07033507151996214 0.11762304893821882 0.11920618299164025 0.15509305214611377 
English/CSTAUS_leisure5.en,0.05383216106191046 2.739832888100564E-6 0.12711197837057936 0.12626240681166448 0.2139159194859674 0.02554238552084398 0.06507957916874947 0.11597798714083878 0.10395493578852186 0.16831990681803807 
English/CSTAUS_leisure6.en,0.05397924777059497 2.735503420357326E-6 0.14074659393564415 0.1069074237631497 0.21227862011579515 0.02727730337667672 0.0692510682786319 0.10807127692827377 0.11169748984457083 0.16978824048324453 
English/CSTAUS_leisure7.en,0.04743426798416953 2.622684968498428E-6 0.13454722652291037 0.12236569476853221 0.20916488526937657 0.023576785124632717 0.06347156120682605 0.11602800762359461 0.10854973977551267 0.17485920903947888 
English/CSTAUS_leisure8.en,0.04968168294375209 2.717373294292874E-6 0.1341007568384563 0.1245258496748154 0.22228415198472454 0.02358693115574354 0.07059824035214178 0.11630048363968847 0.10165707858835775 0.15726210744902777 
English/CSTAUS_leisure9.en,0.049861491528679025 2.669418302211029E-6 0.13072142344705662 0.11314849894279816 0.21526020827912057 0.023755123859927348 0.07399744922236641 0.11358747112161877 0.10898574204353031 0.17067992213660252 
English/CSTAUS_software10.en,0.07499049056723431 1.6904532890534558E-6 0.04331244755243342 0.08961128334365054 0.2966345834179915 0.006981698984059445 0.06635774256771348 0.2085544285522196 0.053133679303900734 0.16042195525750935 
English/CSTAUS_software11.en,0.12259590926959561 7.621853467726615E-6 0.0698630566035525 0.11605945963440348 0.22568931675102671 0.004354961565055748 0.04496225038090002 0.21567526220166403 0.0663185646404181 0.13447359709991913 
English/CSTAUS_software12.en,0.0872153261533769 1.220561126973635E-4 0.030614911091693855 0.14990641663117282 0.26570423917319086 0.010081503358791023 0.07055194131531442 0.19784711586689047 0.08310526346129528 0.10485122683558037 
English/CSTAUS_software13.en,0.07199037241961681 9.95003592775197E-5 0.06354740328447916 0.11515145587963575 0.2309889657189129 8.821594677049766E-4 0.0819154338819416 0.20341182168099584 0.10997677005842778 0.12203611724901005 
English/CSTAUS_software14.en,0.07787190545153146 5.762241420287283E-4 0.027125358261186866 0.13048560810391588 0.23212175836312893 0.01679004508443884 0.10959677942957619 0.2072255412068531 0.0729744084406659 0.12523237151667743 
English/CSTAUS_software1.en,0.13037054294850706 1.0084061354402368E-4 0.047221719322573345 0.06988799731443715 0.19266905728126152 0.002701219605454688 0.09084682449952554 0.21545309897577392 0.08056598941465859 0.17018271002426685 
English/CSTAUS_software2.en,0.09230610346541383 2.456586024464325E-4 0.04155344124890103 0.09141981214100742 0.17364702962374928 0.008665681897154448 0.11388210555716996 0.23623601948608777 0.05848089230397193 0.18356325567409962 
English/CSTAUS_software3.en,0.12630105729856608 4.0636743782930366E-4 0.06373162369028505 0.09432010601322906 0.16142833599442216 0.011127846421509461 0.09670565257030708 0.18480938317984189 0.0884449459895781 0.1727246814044343 
English/CSTAUS_software4.en,0.1104735870526734 9.043043167774586E-5 0.048977755716394275 0.10253477988955129 0.1499290367283231 0.0211853044676481 0.1138332521495421 0.18090861667720337 0.10277299716517202 0.1692942397218178 
English/CSTAUS_software5.en,0.15260552085612406 1.1868093463546384E-4 0.05197048864380295 0.08492925964110452 0.16619202041648687 0.003921264137542726 0.08992805192011194 0.19165154049401523 0.07880369351752843 0.17987947943864943 
English/CSTAUS_software6.en,0.12701529878436063 1.3002348309374198E-6 0.06307162801266858 0.0690713036929193 0.14654053486076146 3.2011155845523386E-4 0.09496325167140612 0.20418459447769766 0.0837745620141449 0.21105741469275716 
English/CSTAUS_software7.en,0.1167975603006269 1.684216104270635E-4 0.04996241342618105 0.11622224376556309 0.18356860303757566 0.014168912122323803 0.08424074069562983 0.16703905587558132 0.07319183888390804 0.194640210282185 
English/CSTAUS_software8.en,0.1012429254591309 1.5437268427918391E-6 0.04128371021777396 0.0944322947353216 0.22612936524957877 6.299685984211941E-4 0.08043789221525567 0.20738476918573145 0.04927596507495467 0.1991815655369905 
English/CSTAUS_software9.en,0.08398515361578258 1.386435026794383E-6 0.06804797345245525 0.0972964660719504 0.26002614945951247 0.018742021045970943 0.07315857158034934 0.19459723028861314 0.07288551216001109 0.13125953589032988 
English/CSTAUS_undef10.en,0.13144261268284393 2.289142571986755E-5 0.039162347441916885 0.11938672996631655 0.26038043455486487 0.002388243838825877 0.08614429043827651 0.19079110965884208 0.08769086042605811 0.0825904795663373 
English/CSTAUS_undef11.en,0.09096962540449223 2.7180727937658597E-5 0.06025078389319287 0.1447077487900251 0.2568603956278906 0.010488235768858167 0.06943297652939762 0.1887266041846116 0.10353209048016376 0.0750043585934324 
English/CSTAUS_undef12.en,0.12269744502321811 1.802199622011571E-5 0.022235473528219068 0.1434638058506974 0.26959635538235005 9.281684970692069E-4 0.037552336682799545 0.14875375179688655 0.15038319883854842 0.10437144240398595 
English/CSTAUS_undef1.en,0.10363808229676326 3.912129653237949E-6 0.06923350448036186 0.19727470872539718 0.23704248549448606 0.016132279309208228 0.05130712420319482 0.14789645220236813 0.08076329167929422 0.09670815947927333 
English/CSTAUS_undef2.en,0.09211118754770233 2.848013784263256E-6 0.06054092373258984 0.14309925257420797 0.2705804754300242 0.019693936749194504 0.05328530904161947 0.1985980821309341 0.06039989863842662 0.10168808614151814 
English/CSTAUS_undef3.en,0.1007813099838206 2.698546780465162E-6 0.050379653642260463 0.11470455792092657 0.23948106238593245 0.043103461648950465 0.05866796394592063 0.20040948062993846 0.08529311441496933 0.10717669688050208 
English/CSTAUS_undef4.en,0.10050210184619418 4.604699016122078E-6 0.08329782596059628 0.1545569814653883 0.2733850937586937 0.009743743855432292 0.050913583983966906 0.14343651600915885 0.05169971151153441 0.13245983691002064 
English/CSTAUS_undef5.en,0.11540378031274692 2.603151514567274E-5 0.0658912028942317 0.11376120685121521 0.2764782851305943 0.038000639372319144 0.051253135846988936 0.16337322394828044 0.06403776443179804 0.11177472969668142 
English/CSTAUS_undef6.en,0.11642181507658392 2.109261698114896E-6 0.061765865321585255 0.18233743442510036 0.2305270945510576 0.0283147319142723 0.07301571240187787 0.13648290625875703 0.08016514057191075 0.0909671902171588 
English/CSTAUS_undef7.en,0.07190311153250979 2.107640484342155E-5 0.043443999634955384 0.18558080146879413 0.28573749843767826 0.013248616836827626 0.058158581108027615 0.1593888350128649 0.07781588870275748 0.10470159086074304 
English/CSTAUS_undef8.en,0.10792734272902745 2.109261698114896E-6 0.0510992629811349 0.14863482189685487 0.27909164913594475 0.006700233390801718 0.051285387002054886 0.18191261395639322 0.0936191091705551 0.0797274704755364 
English/CSTAUS_undef9.en,0.13955150216299372 2.0822000148367504E-6 0.04940717077512363 0.10573591890313155 0.30128958120151517 3.4928358743778286E-4 0.04432380413781367 0.175570818891184 0.09958581570971776 0.08418402243106944 
English/D_CKTAUS_electronics1.en,0.00415792873557201 1.5949289055130552E-6 0.6299271167526861 0.04529550976662922 0.027899207816925585 1.0147852116763392E-4 0.00607595583232607 0.14988174616409697 0.01842043185250087 0.11823902962919065 
English/D_CKTAUS_finance1.en,0.018541592317040553 6.181446504949148E-7 0.618908889751972 0.024357297191662925 0.18527206616156722 0.0018044097373704185 0.003598613115293685 0.027577082501462128 0.10690504523065276 0.013034385848332292 
English/D_CKTAUS_hardware1.en,0.06816420989457135 1.0196043761285554E-6 0.5799896647766767 0.02656488967129935 0.11099257624325154 1.8557881852090984E-4 0.024297316470315824 0.07942279638771553 0.08165496518014626 0.028726982953128644 
English/D_CKTAUS_industrial1.en,0.08750644236319824 9.462822970920285E-7 0.5988337747911331 0.038933077221442305 0.047359134298655146 5.906419787679231E-4 0.022205866177394524 0.0967629338046442 0.046798729669840326 0.06100845341262948 
English/D_CKTAUS_legal1.en,0.02091238547980243 3.8132696583380466E-7 0.6100623110800314 0.009393960348367246 0.1719820160087006 3.296453984658853E-5 0.006882666041282998 0.034871556333024835 0.13213963695268655 0.013722121889296238 
English/D_CKTAUS_pharma1.en,0.04360829436474411 5.60847603083184E-7 0.7200005000758127 0.012932092301269571 0.07821114851176629 0.0010604207001788035 0.013829048879347957 0.027192240940325588 0.04442748238916074 0.05873821098979505 
English/D_CKTAUS_software1.en,0.02865216069715844 6.804859315367743E-7 0.6622834012594536 0.06031132898713386 0.07997107318591935 0.01660598617811501 0.02637042332539714 0.04620064215635539 0.038551289193099955 0.04105301453143826 
English/D_CKTAUS_undef1.en,0.03731680735156843 7.498527467618891E-7 0.6293853520716682 0.061515914727311376 0.09929757806663325 0.008333915817864355 0.015554093105034177 0.041706340132028785 0.07823076964995931 0.02865847922518796 
English/D_CSTAUS_business1.en,0.011407194298974688 1.33924130738275E-6 0.5906580935060364 0.03507421526122233 0.13008121237124728 3.4977177952925844E-4 0.061199460781358676 0.09566796980944177 0.04962831562626555 0.025932427324617233 
English/D_CSTAUS_electronics1.en,0.07925046123870112 9.017545946250086E-7 0.606216099771404 0.03328749976981241 0.070298233770457 1.1525353172496637E-4 0.07878245558626404 0.044027597091326996 0.048335562449758195 0.03968593503595923 
English/D_CSTAUS_hardware1.en,0.05522727282333928 9.471451945644589E-7 0.5520869555398776 0.043879906657534364 0.10137288063977687 1.406434872501704E-4 0.039187114185928344 0.06991823870385025 0.07036660047980985 0.0678194403374409 
English/D_CSTAUS_industrial1.en,0.03544124680165644 2.117287695865305E-6 0.5488224420880411 0.05458724896683782 0.10207543479659804 5.77055640889989E-5 0.02220223555817451 0.09734592493242271 0.042748133553327225 0.0967175104511583 
English/D_CSTAUS_leisure1.en,0.01277684567839308 1.4991641365541752E-6 0.6898627301462074 0.04272122258127224 0.07282708727141397 0.005326720669823157 0.027925867531895677 0.04141642045651734 0.0509059316862882 0.056235674814052776 
English/D_CSTAUS_software1.en,0.03892035316458128 7.384442248824198E-7 0.6153654300711078 0.0294571920314381 0.07982873642329012 6.157447900959288E-4 0.03688190562745414 0.08780919204145166 0.04047238390154673 0.07064832350481214 
English/D_CSTAUS_undef1.en,0.03868090895525528 2.8381563776635807E-6 0.5430344720906931 0.10365690404083475 0.11484548181393475 0.0067284303314406515 0.0239928005345598 0.07400553586447818 0.04839864226446874 0.04665398594795901 
Dutch/CKTAUS_electronics1.nl,6.905873177084995E-4 1.2803472641737554E-5 0.05432316381893386 0.2559758105892094 0.2047566515260717 0.011049820408226656 0.04508329139060133 0.3492585707753447 0.005733755785088842 0.07311554491617014 
Dutch/CKTAUS_finance10.nl,0.007079927157932349 9.7684581015331E-5 0.08691273020494089 0.15182867626836707 0.5833877171565767 0.007948941345779774 0.03700948634466987 0.06590262188076822 0.01773804865315108 0.04209416640680108 
Dutch/CKTAUS_finance11.nl,0.01034967047158956 9.616197146140671E-5 0.08640333120744306 0.1465750763982166 0.5913008860991358 0.008868889098753979 0.03876054110728102 0.06382082949597452 0.01969487671607191 0.03412973743407474 
Dutch/CKTAUS_finance12.nl,0.007739296331699977 1.4565571366122455E-6 0.08439833893229534 0.16779756110330607 0.5724633353330455 0.007059645223101179 0.041744452723028756 0.062149932836421236 0.019695537625804165 0.03695044333416357 
Dutch/CKTAUS_finance13.nl,0.011937091791448574 1.4605168409070413E-6 0.08307998360185076 0.16259895993270848 0.5615861977374002 0.008754747412960008 0.03481786346269844 0.08310788497110014 0.01523589281518112 0.038879917757814034 
Dutch/CKTAUS_finance14.nl,0.018709920732340114 1.4586025750957823E-6 0.09111081275124747 0.1463612587325442 0.5664434016596837 0.011339661463376319 0.041211189239762275 0.07332699339699063 0.018254405605342347 0.033240897816140424 
Dutch/CKTAUS_finance15.nl,0.013259592394761367 1.492128842540689E-6 0.09003071446313256 0.1492699536679752 0.5764698185522977 0.011674794879493753 0.03567469557055365 0.07023555150985218 0.017799272274109917 0.035584114558983686 
Dutch/CKTAUS_finance16.nl,0.01769225543312933 1.0150149128853426E-4 0.08399217024494726 0.1619282623232152 0.5691339069419931 0.007996277263189848 0.03975174986645774 0.06494727519194039 0.015035345218169183 0.039421256025672174 
Dutch/CKTAUS_finance17.nl,0.01317388027054594 1.4397323347224394E-6 0.12292196597902179 0.15044145616155669 0.5427732586528733 0.006933947947411379 0.03716342431101683 0.07407969217895956 0.015471874132673959 0.03703906063360862 
Dutch/CKTAUS_finance18.nl,0.00908730034687354 9.823775305239673E-5 0.1146961037654849 0.15004682462708924 0.5694439265243559 0.008007840821732228 0.03816996519528721 0.06139701144654759 0.013990003329484817 0.03506278619009468 
Dutch/CKTAUS_finance19.nl,0.011451936914379453 2.466038861490526E-6 0.11189439418589056 0.14987367995953652 0.5532066244369509 0.009479593204838939 0.036589889083855805 0.07371491568942848 0.017568356087656795 0.0362181443986037 
Dutch/CKTAUS_finance1.nl,0.014249901291611928 1.521862097563746E-6 0.11524190142476406 0.15722718529253907 0.5479038093469598 0.007861309840114957 0.03642030644292422 0.06846811174163944 0.014620105770234763 0.038005846987116884 
Dutch/CKTAUS_finance20.nl,0.012625672514222003 1.4646358062063878E-6 0.11570284037690477 0.15076035986326788 0.5558907118611909 0.009393616876357968 0.03769448702836646 0.06736733959117365 0.018884552917484605 0.03167895433522827 
Dutch/CKTAUS_finance21.nl,0.010582910976226167 1.4270724521765228E-6 0.11215429633876606 0.16194101888184595 0.5501940022327025 0.0111922382424586 0.03693332286691218 0.06698603856181262 0.015054932032070378 0.03495981279475587 
Dutch/CKTAUS_finance2.nl,0.012787203282172225 1.9958036941833656E-4 0.10263773109064088 0.15176234393481494 0.5734980473278675 0.006111151769597847 0.03753045973584224 0.06254110604638065 0.014176382639552247 0.03875599380371567 
Dutch/CKTAUS_finance3.nl,0.011439516885758734 1.4572383117254165E-6 0.10978919737665363 0.15694835245147262 0.5567682219424518 0.008299650543149052 0.04059897921650668 0.06660099345754011 0.013803904623590778 0.03574972626456745 
Dutch/CKTAUS_finance4.nl,0.009617078318742457 1.475314933742081E-6 0.10881745770607056 0.15048550899346533 0.5637768289856517 0.01077202110583766 0.03679514306640645 0.06790167406076576 0.013586899001725048 0.03824591344640394 
Dutch/CKTAUS_finance5.nl,0.013788918788812183 9.796820242215596E-5 0.11572182009514353 0.15282815707936226 0.5457069992897693 0.009504137567388351 0.03827051352831712 0.07356270497526629 0.0162971088038647 0.03422167166965667 
Dutch/CKTAUS_finance6.nl,0.011635557071301948 9.772060205431548E-5 0.11219790296152939 0.16221064408899685 0.5472749711914685 0.008928031627983503 0.03945687338326732 0.0685153327123206 0.015274999138977043 0.03440796722210313 
Dutch/CKTAUS_finance7.nl,0.01379788747088091 1.4562848448433524E-6 0.12339528886517613 0.1414489071013677 0.554966553470636 0.00876572948404268 0.03885151004456923 0.06745473843006013 0.014503175402927714 0.036814753445497256 
Dutch/CKTAUS_finance8.nl,0.009309667016177588 1.9463908706285045E-4 0.11927902407746782 0.1511759224033208 0.5618947095922756 0.007876268033413451 0.040108649360095006 0.05930670292624396 0.01684766629633029 0.03400675120761514 
Dutch/CKTAUS_finance9.nl,0.010099375006023887 1.4446718388410913E-6 0.12022192924537063 0.15618114281286694 0.5480230086453062 0.009905382544324551 0.038184183464880284 0.06934726920654011 0.014114495685705901 0.03392176871714531 
Dutch/CKTAUS_hardware1.nl,0.008907166261116697 3.326584398284626E-6 0.43559997613103246 0.17118060860083884 0.16806037918617672 1.0015388397917073E-4 0.031927122434017824 0.1326424678411556 0.004772315350691466 0.046806483726594454 
Dutch/CKTAUS_industrial1.nl,3.1660746474791284E-4 5.0795470625239E-4 0.3243728378869675 0.16311217730218697 0.13575153705539977 0.027486791364621777 0.05478277805158457 0.1972844848351787 0.015450179883002265 0.08093465145005942 
Dutch/CKTAUS_industrial2.nl,0.004639219239422828 8.231304547539518E-6 0.31338040427978126 0.17976215329679412 0.12941869168935385 0.02960432763943463 0.05189561686345007 0.20136399208919462 0.018671986704023542 0.0712553768939988 
Dutch/CKTAUS_industrial3.nl,0.0026359758443342623 5.926594974091095E-4 0.31830020459750735 0.17858427348899475 0.11515762061414847 0.023767248450504125 0.044504450162984925 0.20467267981310758 0.01445201569601412 0.0973328718349967 
Dutch/CKTAUS_industrial4.nl,0.004541322227345309 6.172080229027032E-6 0.2783904745900511 0.18130340466373174 0.16136990137788465 0.025958581379922387 0.06425085145245857 0.202915614209299 0.02216209452693086 0.05910158349214827 
Dutch/CKTAUS_industrial5.nl,0.008002382719968462 9.363155200917279E-4 0.2616399104312179 0.20380474420955955 0.1355383762293184 0.016793023882610832 0.05256340819890434 0.2398439361452251 0.009630774541260856 0.0712471281218437 
Dutch/CKTAUS_legal10.nl,4.381734271839436E-4 2.502619934293174E-6 0.14876091744954148 0.1038653060832412 0.49526211366064765 0.02359330402498713 0.02927700889579092 0.12535859095458415 0.02100785889460062 0.05243422398949011 
Dutch/CKTAUS_legal11.nl,0.003228097554232034 1.984847683447401E-6 0.12084846943245121 0.12199957106165811 0.5732988877687172 0.02672245149103323 0.020135414240580206 0.0980116197109903 0.004735761675571223 0.031017742217085607 
Dutch/CKTAUS_legal12.nl,0.0032645849250619117 1.7554762976880125E-4 0.1253969469029503 0.13743985201446404 0.5244067015248671 0.01999215540878339 0.0457790894240681 0.09562471325043603 0.009480991463963376 0.038439417455639155 
Dutch/CKTAUS_legal13.nl,0.008920035469107723 1.716759224779603E-4 0.11710836248335971 0.18423677703119598 0.44448623172004176 0.02147552913877224 0.045433105857919806 0.14053710203864023 0.007581018865369473 0.03005016147311693 
Dutch/CKTAUS_legal14.nl,0.005620998687785417 2.251616608626721E-6 0.14022047266538107 0.20782199218425512 0.4658041984477778 0.010641767041098376 0.043976777209981284 0.10826857455329947 0.00230042817058177 0.015342539423233093 
Dutch/CKTAUS_legal15.nl,0.004164959822398397 1.6712322653670258E-6 0.13179702945294786 0.19165124868939112 0.44815458201644526 0.007805744010404737 0.07169601705663078 0.10581424484576242 0.010870475760988952 0.028044027112767718 
Dutch/CKTAUS_legal16.nl,0.0426824827519803 1.709183553798561E-6 0.12236057640673376 0.2600517692245465 0.3756262738854635 0.006845744570616021 0.048611652546361274 0.1030306102582239 0.007467868291230249 0.03332131288129307 
Dutch/CKTAUS_legal17.nl,0.030319559293551446 3.480624463338496E-6 0.13869726927517895 0.20172159747736784 0.4103626059943302 0.006487165692113796 0.034068317660435436 0.1232006727056448 0.01287460303870746 0.042264728238208815 
Dutch/CKTAUS_legal18.nl,0.007422755618251688 1.7210784479883235E-6 0.1302071288454527 0.13140041675306985 0.5232721209214275 0.012773896813485413 0.03645495086056635 0.11212224388312092 0.008246465500744475 0.03809829972543572 
Dutch/CKTAUS_legal19.nl,0.0016539644186221248 4.446542025297837E-6 0.11366361143338916 0.16681134096101877 0.48817122182403877 0.004918367498916126 0.07538506244691454 0.10836753791200805 0.013114810254380785 0.027909636708689 
Dutch/CKTAUS_legal1.nl,0.003026220529448002 1.6598373010900395E-6 0.1306758559008401 0.11622745251109809 0.48560271367944374 0.008559827853228973 0.0925948558476433 0.11017216883920534 0.010083750456221502 0.04305549454557228 
Dutch/CKTAUS_legal20.nl,9.134638271187163E-4 1.3868022312997947E-4 0.14382215656955202 0.1469142279919661 0.4671120770654994 0.004430109821524363 0.05266859736845058 0.13708437602863138 0.006575797885805237 0.04034051321832455 
Dutch/CKTAUS_legal21.nl,0.015076574406132245 2.8910013966091627E-6 0.12247194999831733 0.13086885660780637 0.480623268966004 0.004952571059268904 0.09807111818595715 0.08902464257416379 0.028271620685052123 0.030636506515903945 
Dutch/CKTAUS_legal2.nl,0.003619135248432779 2.1562606598644934E-6 0.13770519703564194 0.14115778533061332 0.44705694870894147 0.00968055095406712 0.07317102288784376 0.13135852215480864 0.014904927579435644 0.04134375383955732 
Dutch/CKTAUS_legal3.nl,0.0033702568120084486 5.524405011818049E-6 0.19427825830823903 0.18625039458798617 0.37729234429767927 0.002399107176006484 0.1013941909410446 0.09403980781628908 0.008873714035461654 0.0320964016202755 
Dutch/CKTAUS_legal4.nl,4.5023243698676026E-4 7.470652650059745E-6 0.22792816928902881 0.15403819321237822 0.26571802890420737 5.33931388895028E-4 0.15593771218602823 0.16100472833603782 0.006300658563844496 0.028080875029940285 
Dutch/CKTAUS_legal5.nl,2.6063003896050445E-4 3.7099790274700003E-6 0.16667591009947072 0.13166436340509086 0.402846661409496 0.007054317479544573 0.10101134557559056 0.12240291168140514 0.016948047653858465 0.05113210267755717 
Dutch/CKTAUS_legal6.nl,0.006505652520927683 3.2780066662936448E-6 0.11817283275817017 0.1544573377906341 0.5116786159327545 0.006157288295773203 0.06850032618805242 0.09098870893072741 0.002175967219474407 0.041359992356822535 
Dutch/CKTAUS_legal7.nl,0.006734300576127926 1.775809254332402E-6 0.1257473632135667 0.15244416467255426 0.48338353381147875 0.0039047072039719685 0.057045211281601255 0.12759356286284573 0.010731306980508722 0.03241407358809292 
Dutch/CKTAUS_legal8.nl,0.0030962308747509515 1.7996029366908637E-6 0.12912889059315433 0.14373305270891326 0.5159660931244996 0.013916273989081551 0.04233164349159243 0.10470664108657528 0.010615844953090092 0.03650352957540852 
Dutch/CKTAUS_legal9.nl,0.004089905513840461 3.2396187015423474E-4 0.14299027607356024 0.1708250233007545 0.4365624597693937 0.005618896947937239 0.05492040519623218 0.1393668039055316 0.0021659624534674025 0.04313630496913032 
Dutch/CKTAUS_pharma10.nl,0.013781649307922094 2.765609238305328E-6 0.08334075952189704 0.19112686817441887 0.23396340080860598 0.004106812079545097 0.2813697748518616 0.07592833451364978 0.00623374481321915 0.11014589031964472 
Dutch/CKTAUS_pharma11.nl,0.014794950329982959 3.4118160043902625E-6 0.11602614869663942 0.2208795487919094 0.2796207692100065 0.02805992705727647 0.13942293068308517 0.11969242961829643 2.1802178863581048E-4 0.08128186200816544 
Dutch/CKTAUS_pharma12.nl,0.017990624874638702 3.079976028302205E-6 0.10461601414077212 0.1306891694362357 0.2643645915802304 0.009076502782224107 0.1688570954105564 0.09285537025384294 0.0020177330095674374 0.20952981853590621 
Dutch/CKTAUS_pharma13.nl,0.021356168356238416 5.594365708427904E-4 0.10276635211551115 0.1432798031743756 0.2792472545578272 2.1902021471835695E-4 0.1622499271347752 0.1428754303302449 0.0015594669830266475 0.14588714056244179 
Dutch/CKTAUS_pharma14.nl,0.022617713864663144 3.466446170498444E-4 0.08590926234259595 0.14663259466715797 0.24665215151033773 0.027853328074878458 0.14545834589925605 0.18644167322186905 0.008366322588239498 0.12972196321395435 
Dutch/CKTAUS_pharma15.nl,0.01564401388424498 1.4228607507019454E-4 0.08477625078442981 0.12225481330633273 0.24383053742390817 0.006812277586042304 0.15906655031951386 0.2525104213883037 0.0014033152769098395 0.11355953395524673 
Dutch/CKTAUS_pharma16.nl,0.04950519398777765 2.6813630301135446E-6 0.05584912813105891 0.14406907276563266 0.2377820854425869 3.6374053891962506E-4 0.18868278768587385 0.20879589651892072 0.013121074572589694 0.10182833899361175 
Dutch/CKTAUS_pharma17.nl,0.03155853242146142 3.88999016524874E-6 0.07433265729468995 0.17251037413250583 0.35678774781064093 1.2665898700402566E-4 0.16548005605655375 0.1000377278665654 0.024739646064852388 0.07442270937556293 
Dutch/CKTAUS_pharma18.nl,0.014355199509139547 0.0011156636096512462 0.07652136439367083 0.17892948911402784 0.36902308357489705 0.0015520914303777456 0.1405456427801478 0.09781516307901485 0.05975927981849623 0.06038302269057851 
Dutch/CKTAUS_pharma19.nl,0.02309541391190424 5.109823682945882E-6 0.05665426991678763 0.1739025419935252 0.3872603808653963 2.8762391296335464E-4 0.13952274048037774 0.12373098527066317 0.024186842529717728 0.0713540912949828 
Dutch/CKTAUS_pharma1.nl,0.11702438919810772 2.257162058302267E-6 0.0877926903066606 0.13721631137282075 0.286174800009661 1.06589983883869E-4 0.15594306231618332 0.08233539033963215 0.03432829465779824 0.09907621465319587 
Dutch/CKTAUS_pharma20.nl,0.02197440161056138 2.3882978048578027E-6 0.071280785387941 0.1250082287030535 0.44480706342623993 0.0037900844103054758 0.11535174438099707 0.1030442034342069 0.03497371840542059 0.07976738194347051 
Dutch/CKTAUS_pharma21.nl,0.024451153588800824 2.475579642292983E-6 0.07490094255142656 0.1294090111579026 0.4284383416464821 0.0011073437382492742 0.14011234340227682 0.1018948964928432 0.04060025462617739 0.059083237216200284 
Dutch/CKTAUS_pharma2.nl,0.0325354076915324 2.503021993699884E-6 0.09725191953911953 0.12306960255117301 0.39276320726353686 0.0035008889307850334 0.13587478527665486 0.09613766262058047 0.04170721956665017 0.07715680353797548 
Dutch/CKTAUS_pharma3.nl,0.021248637397229514 3.342538650921617E-4 0.06950625413266981 0.14964278509250428 0.386142613822458 0.004713757117286144 0.1675716671033707 0.0941467798368664 0.026491328319403436 0.08020192331312113 
Dutch/CKTAUS_pharma4.nl,0.01624764998675789 2.266355528543209E-6 0.10559638183599905 0.1568181895327504 0.41090973537363834 0.006509103214318567 0.13697599631593077 0.07149094588359657 0.03886762459154388 0.056582106909938076 
Dutch/CKTAUS_pharma5.nl,0.025150639663968386 5.473509685829026E-4 0.08668411853610757 0.2013907211605053 0.33981001741128736 0.0040926589263572755 0.15100789685108224 0.08144321198670207 0.03031429520536953 0.0795590892900396 
Dutch/CKTAUS_pharma6.nl,0.011669077740350748 2.4525872561902766E-6 0.088908152952561 0.15369311953191891 0.3967098019200381 0.007222378800028419 0.15742136255092629 0.07774332774196986 0.01685355612487019 0.0897767700500824 
Dutch/CKTAUS_pharma7.nl,0.022575196973412617 4.271611814107629E-6 0.06531348831955176 0.16166759435359263 0.43641389705562045 0.006759337155395039 0.11116577398414461 0.0944489783784612 0.01958620943269575 0.08206525273531316 
Dutch/CKTAUS_pharma8.nl,0.02247759794072617 1.7718746377913173E-4 0.08041234331165717 0.16496298620051342 0.3683984191606748 0.0010906182064968862 0.14329336892636796 0.08352844417455806 0.06717479006389204 0.06848424455133631 
Dutch/CKTAUS_pharma9.nl,0.01237200763692026 2.618515712851088E-4 0.07810173478011756 0.18491996765643498 0.30877098846948353 1.822031602533909E-4 0.20022958530884558 0.08962144475645686 0.03282490690923736 0.09271530975096752 
Dutch/CKTAUS_software10.nl,0.02493524954288688 4.7124937390380183E-4 0.07726056333176583 0.14744504860360855 0.36502925379807544 0.007495342469056581 0.14195257361159283 0.09898278446500369 0.06231724708865108 0.07411068771545708 
Dutch/CKTAUS_software11.nl,0.026094073919107605 3.155165853634929E-4 0.07911646306077182 0.1664077005769303 0.3740742057201521 0.009473565873642767 0.13549169182649268 0.09179461937632903 0.0502198578031564 0.06701230525805532 
Dutch/CKTAUS_software12.nl,0.02453501339592047 2.0956434961762427E-6 0.0829167549171355 0.14562168995184618 0.37994323140013725 0.0075028798869901285 0.1412853478666915 0.09286404994188838 0.05323169002175615 0.07209724697414001 
Dutch/CKTAUS_software13.nl,0.026192393701343894 3.685861783661787E-6 0.08159453710686183 0.16372021782924256 0.36565462887115885 0.006854342048199686 0.13593060687464734 0.08466601035698289 0.05326948827700798 0.08211408907277301 
Dutch/CKTAUS_software14.nl,0.024463729546507374 1.3298242289469614E-4 0.07582844682627532 0.14906806548578772 0.3756145859397305 0.008921722224732136 0.1349448212577031 0.10056458367204395 0.05438851780230057 0.07607254482202605 
Dutch/CKTAUS_software1.nl,0.024695494259110922 1.7902810839886366E-4 0.09411247439494837 0.1516118240982217 0.3568452959863857 0.003428499332939298 0.10606023773387799 0.15130811582369016 0.05515403099863923 0.056604999263789355 
Dutch/CKTAUS_software2.nl,0.022261658708413044 2.086661969888617E-6 0.08191703022805744 0.15318823916482052 0.3755752241158486 0.007869542254370823 0.13473773131908276 0.10476691749520921 0.043920016613654606 0.07576155343857482 
Dutch/CKTAUS_software3.nl,0.023024024214377038 2.147640970798886E-6 0.07501706579852421 0.15668925492722507 0.3705070696201685 0.005609108426726559 0.1356395404336724 0.09895895812947782 0.0536381094442947 0.08091472136456448 
Dutch/CKTAUS_software4.nl,0.020939247801213208 2.043152806164006E-6 0.07726271758276854 0.141674064182069 0.37566777690863745 0.006976904367705673 0.13767801545806854 0.10457863907181353 0.05616912434315666 0.07905146713176271 
Dutch/CKTAUS_software5.nl,0.021648360489175848 2.9322679360814475E-4 0.08392048553034352 0.15069962708728982 0.37086248997185595 0.007336978902397707 0.150051519431036 0.09670130941204245 0.05241271165716403 0.06607329072508833 
Dutch/CKTAUS_software6.nl,0.026034821112335613 1.3760309891578176E-4 0.07790652033013996 0.16071057658931046 0.3649540752716511 0.007292812894641011 0.14594725060288216 0.0965273343230596 0.04870279960734733 0.07178620616971862 
Dutch/CKTAUS_software7.nl,0.02797328343107775 4.61815763100408E-4 0.07513634161524559 0.14716488197169222 0.3756953285769669 0.00618251126198866 0.1441363101977003 0.10135473949687637 0.050115438882717134 0.07177934880263621 
Dutch/CKTAUS_software8.nl,0.023849681368029174 1.4807979497462187E-4 0.07931770578425498 0.1413411395498946 0.3742139848238633 0.009397961576734405 0.14244791960736244 0.0987670001570655 0.050569634557717964 0.07994689278010454 
Dutch/CKTAUS_software9.nl,0.027834523564701022 4.3503738286647674E-4 0.07204223787953495 0.14852676137409027 0.365938231563101 0.007397708289594575 0.1466124471869298 0.10562853251831789 0.050020805856220346 0.07556371438464515 
Dutch/CKTAUS_undef1.nl,0.019892144828351416 2.739832888100564E-6 0.1403147814615499 0.1717463272425677 0.3292220932323562 0.020759129346995264 0.0960945404626632 0.15518192989904978 0.027614323569457578 0.039171990124122626 
Dutch/CKTAUS_undef2.nl,0.011057994022986791 1.8621959295096926E-6 0.12562136594556214 0.11840502520701475 0.5681558956564912 0.00588353667903519 0.04457427138206672 0.08319927042365555 0.025358535923477647 0.017742242563783275 
Dutch/CKTAUS_undef3.nl,0.01120574794764838 2.6433445018086337E-6 0.10648621407206126 0.11490545934036532 0.6049504636016008 0.006699364149464152 0.032979297119988 0.07595477925403721 0.025881650614102344 0.020934380556233204 
Dutch/CKTAUS_undef4.nl,0.010382727825914762 2.5655953602916497E-6 0.09944624513864342 0.10610554257017486 0.606083270337546 0.007087587568673901 0.03935295182622237 0.08701323983058684 0.025840232237612316 0.018685637069267343 
Dutch/CKTAUS_undef5.nl,0.0253390581895546 2.4179499720095462E-6 0.12981040868296004 0.14721329926443605 0.40334861106024117 0.00878958832496539 0.05594743158996263 0.11758756668119397 0.079524728867147 0.03243688938956866 
Dutch/CKTAUS_undef6.nl,0.012972581787597555 1.4663553316451637E-5 0.13521570458746948 0.13552108205716976 0.37996251859861113 0.007625771659611183 0.11489400806088368 0.1227167833018483 0.04779703382812278 0.04327985256536323 
Dutch/CSTAUS_business10.nl,0.010189680000863646 6.3062399443076524E-6 0.12355451800727284 0.1459058890375011 0.41381087372272396 0.0013499141318222992 0.04549125811928026 0.1355851914937956 0.0627383014750681 0.0613680677717286 
Dutch/CSTAUS_business11.nl,0.008515029862450773 6.727450372257853E-6 0.1302023469855069 0.16872420323656365 0.3860055010168819 0.015364313968602267 0.03803615327389522 0.1442436094010376 0.07686223855125604 0.03203987625343401 
Dutch/CSTAUS_business12.nl,0.018692711133791458 4.139778315076461E-6 0.13702375531882233 0.12760936339160836 0.4018242775721978 0.010941982362489644 0.044387634988034656 0.16414325220914755 0.05979536853028398 0.0355775147153096 
Dutch/CSTAUS_business13.nl,0.011524597597640436 1.2553154062959296E-5 0.13492736166608227 0.1455614037408114 0.43449791611846683 0.00605447858329291 0.037046807495498185 0.1268083646102508 0.058450143576730194 0.04511637345716496 
Dutch/CSTAUS_business14.nl,0.011091633163274127 3.415555798155008E-6 0.15885124442146656 0.1729577107287746 0.3970134371590225 8.96917821890277E-4 0.04007882129693746 0.13031480978485918 0.04617533652405486 0.04261667354392324 
Dutch/CSTAUS_business15.nl,0.010407508140624503 3.640625569687321E-6 0.14857913902059955 0.153068761735201 0.38183047177659196 0.014264939297486637 0.04689217882719626 0.13974838179779747 0.05836504426075211 0.04683993451818169 
Dutch/CSTAUS_business16.nl,0.014315105641043295 3.697652061549866E-6 0.13876561009348384 0.1569642496130803 0.415421084755918 5.200644901461426E-4 0.04966775158471409 0.15413362937895275 0.04302201283374297 0.027186793956857507 
Dutch/CSTAUS_business17.nl,0.007107661142348598 3.517339988785116E-6 0.15023265194503732 0.14693456877535285 0.38881467320843327 0.0035449586034403437 0.04559520756583891 0.14813757714859263 0.060472308327699245 0.049156875943268945 
Dutch/CSTAUS_business18.nl,0.012554379614310917 3.495245663245468E-6 0.14629276221536208 0.18449851258049194 0.3791959021364215 0.0031737161294250744 0.04691657538448068 0.12591211210946138 0.05809082992031698 0.04336171466406725 
Dutch/CSTAUS_business19.nl,0.008668689179709027 3.662879290331517E-6 0.1232684321304777 0.1700199692672373 0.393696465089707 0.005076120516224377 0.04616788089237033 0.14718541871353455 0.0703227029366866 0.03559065839476336 
Dutch/CSTAUS_business1.nl,0.015419886485930156 4.709099002612274E-6 0.12198547572202566 0.18243309764246657 0.41131398156139853 0.005901347914124993 0.04106848905939971 0.1252154946214861 0.06855938737420918 0.02809813051995617 
Dutch/CSTAUS_business20.nl,0.0043655846335335065 3.510998872918308E-6 0.13854397718688663 0.14005434065079206 0.4101781734306167 0.005323856053194096 0.045332726235125735 0.13724391521776294 0.07371664386987818 0.045237271723338 
Dutch/CSTAUS_business21.nl,0.008948632504916215 3.534094914846047E-6 0.15353420036018137 0.13242398970170147 0.39250163848330144 0.00390713741946691 0.037512783551601474 0.14964723558556434 0.08273810015649476 0.03878274814185803 
Dutch/CSTAUS_business2.nl,0.012920163088033851 4.41924688254424E-6 0.13079311964201945 0.19434970053925196 0.39570088329184694 0.005062213646672355 0.044166336823138704 0.14422788518870097 0.037755382092466795 0.03501989644098689 
Dutch/CSTAUS_business3.nl,0.00434636854197929 4.759448267977673E-6 0.12671793341296644 0.14599799995841836 0.4205485305483047 0.003707263479492363 0.05573292210532432 0.13796578060553719 0.0438151227578318 0.061163319141877635 
Dutch/CSTAUS_business4.nl,0.006198741577727209 7.994954531597591E-6 0.13114673191624282 0.19680224850577493 0.3981758644865827 5.298994993862294E-4 0.047242630740375054 0.13549261675654398 0.05161529752457527 0.03278797403825995 
Dutch/CSTAUS_business5.nl,0.005855542664714141 3.996423265718096E-6 0.13325068690294029 0.1697895047802931 0.3994069251822328 0.003759894593011401 0.03996055158472661 0.16431043742953366 0.04990691808320716 0.033755542356075544 
Dutch/CSTAUS_business6.nl,8.485467257512227E-4 1.3083686847482862E-5 0.1393993451545809 0.14573640891478354 0.4130322835198806 0.0018225251311074105 0.030091574125867833 0.16031023335246267 0.06463551037383528 0.04411048901488342 
Dutch/CSTAUS_business7.nl,0.007656419259843845 3.761027586947429E-6 0.14927110067788238 0.15418815432482005 0.3929481994961411 0.003986361852644779 0.03507211211181894 0.1499974125565498 0.05268850021515826 0.054187978477554584 
Dutch/CSTAUS_business8.nl,0.007399876408042263 3.7330913763836436E-6 0.14083037231404288 0.1299527572491778 0.40373230484300876 0.004033958562311722 0.03716773732474159 0.15578926250565114 0.05042554391842266 0.07066445378322553 
Dutch/CSTAUS_business9.nl,0.01769472850979477 4.057834594255714E-6 0.15006004226783587 0.1408320009722416 0.3823846137765825 0.005881017108466015 0.03098714027078291 0.14587485756048332 0.06451820123662093 0.06176334046259859 
Dutch/CSTAUS_electronics1.nl,0.00380275163198203 3.156094099074208E-6 0.11007125665880849 0.18544220610649062 0.3643222703725813 0.014659987604328639 0.06503652483435483 0.14580007523027932 0.08358504583588618 0.027276725631190813 
Dutch/CSTAUS_electronics2.nl,0.004820651306256936 3.202807767627956E-6 0.13758408683698298 0.18302712661031853 0.3157842703164407 0.011183548596600656 0.07998252318813616 0.1651757778110195 0.07310922626027483 0.029329586266203852 
Dutch/CSTAUS_electronics3.nl,0.0016829606989536704 3.734155624504068E-4 0.1517694001415731 0.1828551974343737 0.33972264533642543 0.013092377494623341 0.055232933428464734 0.15360589270719074 0.06059539951461849 0.041069777681325165 
Dutch/CSTAUS_hardware10.nl,0.012749637108898914 3.600693438442076E-4 0.25730388446070185 0.13589195196110812 0.3271930192731201 0.0026438018199031795 0.046910327842905546 0.10332012881258013 0.056374967660108376 0.057252211716831605 
Dutch/CSTAUS_hardware11.nl,0.016479496907758965 2.554317608352045E-6 0.26923147987611057 0.13778397662018027 0.3069357866455774 0.0023994968053444223 0.05913008163884365 0.10616862345714435 0.05908241738652504 0.04278608634490885 
Dutch/CSTAUS_hardware12.nl,0.00553285833221279 7.924172941741302E-6 0.23898723606874642 0.18877636790071484 0.2853158656989188 0.0016448682627228524 0.05785499841934148 0.13700820715544026 0.0448953454948235 0.03997632849413927 
Dutch/CSTAUS_hardware13.nl,0.015490073639742431 2.4164498873921878E-6 0.25293519668574543 0.12729689475185285 0.3129446093688031 0.0043810525276302085 0.04738745768452984 0.1084309958276093 0.07136889449605724 0.05976240856814409 
Dutch/CSTAUS_hardware14.nl,0.024230076177041936 3.5300373686561573E-4 0.26449329194600046 0.11907536280796215 0.2911082114676319 0.007369892043884717 0.04407523954441886 0.1270188293510926 0.06653756226522799 0.05573853065987565 
Dutch/CSTAUS_hardware15.nl,0.019748964300568342 7.361976801903539E-4 0.2685709773159101 0.11157418429886688 0.32022018718531414 3.3359456475696986E-4 0.03369808191372716 0.10624711309590815 0.07135694413245153 0.06751375551230795 
Dutch/CSTAUS_hardware16.nl,0.016571059416107384 1.9295676074136892E-4 0.23156231426543789 0.14735161080286122 0.2952039316922223 0.0073322272977808765 0.06273603165644624 0.12900302838524097 0.04741866577844601 0.06262817394471763 
Dutch/CSTAUS_hardware17.nl,0.023141596037535517 1.9106287382351824E-4 0.20804811976988166 0.1241341807124097 0.320388197220089 0.004901150664031991 0.06883889413340315 0.14401977939878066 0.0512122527549678 0.05512476643507868 
Dutch/CSTAUS_hardware18.nl,0.0302057849427603 0.001088774867574902 0.22074163945845582 0.13841660792075602 0.3100912576600729 0.0026583540552494716 0.06231920793351039 0.1052831820709851 0.061654862186561576 0.06754032890407556 
Dutch/CSTAUS_hardware19.nl,0.024391285369915083 1.6012591455027354E-4 0.2569610087615712 0.1345128327218341 0.2839546384940082 0.008718479532668853 0.06504732380207644 0.12352429172254079 0.04692294565058245 0.055807068030254564 
Dutch/CSTAUS_hardware1.nl,0.025970469055895798 6.105644446744483E-4 0.2825008960749216 0.16733048235364936 0.27448677933748594 0.0015155152739272778 0.054195261275100104 0.09744652221245773 0.05223754309502552 0.043705966876864476 
Dutch/CSTAUS_hardware20.nl,0.022572965886933256 3.378028947517229E-4 0.23559514512856347 0.13988511355791616 0.30804460498836206 0.005041769667260734 0.07138171950553446 0.11772935083882052 0.04581480449221579 0.05359672303964376 
Dutch/CSTAUS_hardware21.nl,0.014228273604164548 3.121795170271034E-4 0.2659713575675128 0.12615236764143117 0.32112397431172923 0.002328607388695078 0.058835791364175154 0.10320202816092436 0.047996855688394596 0.05984856475594801 
Dutch/CSTAUS_hardware2.nl,0.02285494784101662 4.85842540903514E-4 0.22554545172238163 0.13862267794517566 0.3242952640557741 0.004381089836108922 0.05275325082590462 0.11969911462348494 0.055184411202576465 0.05617794940667537 
Dutch/CSTAUS_hardware3.nl,0.03348980380134225 8.199402617975467E-4 0.2342160573377515 0.13998670556384996 0.30875597357252565 0.005839728977066747 0.05314648910810249 0.10482545616152064 0.06246942210497336 0.05645042311107169 
Dutch/CSTAUS_hardware4.nl,0.017625278382574817 2.2137367233440722E-4 0.24151083276891902 0.14388415838160057 0.32410808457316154 0.0010136714784624021 0.05388541506651092 0.10980202800135302 0.05347312442543945 0.05447603324964554 
Dutch/CSTAUS_hardware5.nl,0.016037023425011693 3.1844779639006556E-6 0.2369930741759126 0.13372214600060842 0.2964763242320304 0.002335129246469731 0.05409585026998572 0.14635277642766487 0.052660171691488525 0.06132432005286609 
Dutch/CSTAUS_hardware6.nl,0.024692722679759173 3.1307261314367916E-6 0.2222936226805809 0.14261518388435146 0.32101975085050205 0.00481868145194884 0.04955458755375083 0.11143439795004759 0.05457112786772439 0.06899679435520507 
Dutch/CSTAUS_hardware7.nl,0.0267274853628275 4.3838676125522935E-4 0.27451493023163986 0.13043528094251403 0.29794746451967763 0.002800541283815104 0.04356879935986006 0.10041208398539792 0.06140283992278464 0.06175218763022987 
Dutch/CSTAUS_hardware8.nl,0.019970397571577887 0.0010589659321085575 0.23057614620076086 0.1076848134522535 0.3054725010626652 0.014763566795051829 0.06879641930098729 0.1361794467257684 0.0681053621878422 0.04739238077098613 
Dutch/CSTAUS_hardware9.nl,0.02513267214709851 8.69901770092708E-4 0.27915592922424426 0.1279189457657586 0.32447726712777386 0.0035298460433169634 0.036665116359991465 0.07731144691671463 0.06255964124200965 0.06237923340300137 
Dutch/CSTAUS_industrial1.nl,0.027478867476093752 6.423438101770921E-6 0.15881259597598685 0.20420158812865116 0.224718642459793 0.02109627305030987 0.0771971382116631 0.17735989485947345 0.0512636132839629 0.057864963115961295 
Dutch/CSTAUS_industrial2.nl,0.02070867444213777 4.700574468148576E-6 0.11704465717386953 0.2435868506330281 0.22552406378412093 0.013791967340954133 0.06949850414907154 0.20867156144648905 0.06060102258774221 0.04056799786811699 
Dutch/CSTAUS_industrial3.nl,0.018914963942507926 4.778424735655846E-6 0.11462457048222513 0.2738985759718486 0.18938460429988463 0.024751520655157726 0.07750259573953742 0.16675622687437117 0.0426403336080662 0.09152183000166458 
Dutch/CSTAUS_leisure10.nl,0.046714030924458874 9.034067596179014E-6 0.11097951535089923 0.11977664034221662 0.26357137320189683 0.0060405589424337635 0.1415833948482934 0.16124850011051112 0.104885491327636 0.04519146088405638 
Dutch/CSTAUS_leisure11.nl,0.0608700929807986 5.178677978586268E-6 0.10541617074039775 0.1420538170718541 0.2274184453544465 0.005016213657366563 0.15676224281265344 0.16944501799951467 0.09610761673524276 0.036905203969745205 
Dutch/CSTAUS_leisure12.nl,0.07560740707479871 5.089025953492659E-6 0.10791735649775995 0.12808610665683787 0.2437655873910447 0.005902026462967158 0.14723621733287595 0.1563278120621809 0.10109996026671259 0.0340524372288675 
Dutch/CSTAUS_leisure13.nl,0.07706602365123122 5.1976822831952085E-6 0.11314246119575894 0.12159468845981022 0.22497249926791138 0.004815921204044572 0.1618004906683257 0.15768615826034119 0.10053406616135405 0.03838249344893796 
Dutch/CSTAUS_leisure14.nl,0.0756302502321526 5.320147615295113E-6 0.10955554947830175 0.13723446978117945 0.225215623952426 0.007137573431276636 0.1633742225347981 0.1625548994876878 0.09301151384797057 0.026280577106590014 
Dutch/CSTAUS_leisure15.nl,0.051710628480773194 1.3042005274512147E-5 0.09618772875273748 0.16650066297390384 0.22971251322383424 0.0021896989750422933 0.1512994464196606 0.16601223310093707 0.10229650295031215 0.03407754311752249 
Dutch/CSTAUS_leisure16.nl,0.058671940270018486 5.239634277157992E-6 0.10046899744802099 0.17060028169090583 0.2197932004247129 0.003771146660172935 0.14297678473250078 0.1711405558710167 0.10036648820914039 0.032205365059231605 
Dutch/CSTAUS_leisure17.nl,0.05917532678141862 5.388224829828276E-6 0.09067194378122015 0.16101676126290188 0.23254732848309323 0.004781121493403001 0.14164786669907775 0.18135830004646444 0.08648560469509659 0.042310358532492105 
Dutch/CSTAUS_leisure18.nl,0.05167863782396736 5.29843644070122E-6 0.10039868794145097 0.14594343657308337 0.22700959950992902 0.0088617358906573 0.1459529992073232 0.1902842483341504 0.09897628181984056 0.03088907446315451 
Dutch/CSTAUS_leisure19.nl,0.05950059975692657 8.807508122423947E-6 0.09525751930208323 0.1420125090841669 0.24634713909717784 0.007553628604148331 0.13525723384802762 0.19161771821652385 0.08666916456865809 0.03577568001416274 
Dutch/CSTAUS_leisure1.nl,0.050922594385829384 4.8407810070308885E-6 0.10709615947848466 0.1424031266772808 0.21369498873303933 0.002441495375341963 0.1533037459515853 0.21137096106894365 0.08969872268135339 0.029063364867132686 
Dutch/CSTAUS_leisure20.nl,0.05881402390283335 5.312890814076259E-6 0.11528277698078251 0.148247419437545 0.22498420379641498 0.004558928519060956 0.14896175313375684 0.1998627353193354 0.07474693332819453 0.024535912691259647 
Dutch/CSTAUS_leisure21.nl,0.06621719347979176 5.144478387654541E-6 0.09584507163372276 0.1453091957374535 0.21796987068765072 0.008633588882955562 0.15295701818239013 0.1940336210780701 0.08589724098926751 0.03313205485030798 
Dutch/CSTAUS_leisure2.nl,0.05847306020245598 5.278689619081224E-6 0.11104714368160161 0.14129614687721645 0.2221731199396131 0.005546012211103557 0.13755617162782616 0.208804450102099 0.08472370656816697 0.030374910100295402 
Dutch/CSTAUS_leisure3.nl,0.06732022067701421 5.222072255296528E-6 0.10163681898417848 0.15769025093182495 0.20751898594567633 0.006328193028614359 0.1464749877660645 0.19883348299266612 0.08406078604904625 0.030131051552657055 
Dutch/CSTAUS_leisure4.nl,0.05132841871826676 5.079071877838011E-6 0.1021715487132806 0.12224289381991324 0.22649626223048586 0.006919187170101455 0.1581046031963766 0.20752973080893816 0.08814844121011708 0.03705383506064036 
Dutch/CSTAUS_leisure5.nl,0.046391495085578445 5.358573406979427E-6 0.10073950771750634 0.14795528900631805 0.2317720616360939 0.0032261987374677566 0.16283835712695519 0.19796989742803528 0.07807617661690301 0.03102565807173234 
Dutch/CSTAUS_leisure6.nl,0.06474989185401128 5.2238231579673615E-6 0.08596447614544181 0.15241575522130116 0.24478700142386808 0.005786401756264783 0.1322109901648021 0.19655312760169436 0.08512091530722204 0.03240621670223395 
Dutch/CSTAUS_leisure7.nl,0.05556652949622967 5.1427802613960756E-6 0.09675968426371077 0.14520621651117716 0.23083733828742548 0.004999780290820997 0.13928493224967473 0.19334240746803802 0.10038538716397453 0.033612581488684797 
Dutch/CSTAUS_leisure8.nl,0.05093253801631914 5.194216587382156E-6 0.11498585687084131 0.13392677996224905 0.21839920613718344 0.0041200026785709835 0.13877399320216333 0.21736499744522272 0.09565141954582237 0.025840011925037584 
Dutch/CSTAUS_leisure9.nl,0.05914714060113747 5.097350869509761E-6 0.10389883077441302 0.1456029985643404 0.21954289545594705 0.0017602411413645115 0.15364970638692574 0.197934358175427 0.08695341882198124 0.03150531272759186 
Dutch/CSTAUS_software10.nl,0.014942969995650483 9.791440157418927E-4 0.09828199739983194 0.1308860015690425 0.20970809842851276 0.006060918435277951 0.06075188389975567 0.3923431589047401 0.06257663712426612 0.02346919022718153 
Dutch/CSTAUS_software11.nl,0.010013723535033025 2.1227066603525302E-4 0.14096021989120652 0.14584080078145556 0.25638243833586644 0.03696681452380493 0.05603880817844054 0.27713227889956066 0.03974696209308302 0.03670568309551644 
Dutch/CSTAUS_software12.nl,0.009080082798825358 5.875848747053223E-6 0.08744853609130299 0.11674517643839154 0.26656467486310104 0.022752796553469866 0.02559650898970359 0.3713888724585545 0.08250491329066952 0.017912562667236908 
Dutch/CSTAUS_software13.nl,0.04315010622865538 4.394692692219309E-6 0.10609662979291869 0.10378641583627517 0.24481573108999968 0.028420751403027588 0.025520270523901156 0.3877989512466386 0.034359823350298545 0.026046925835595605 
Dutch/CSTAUS_software14.nl,0.025629499809281243 3.891124355359681E-6 0.09012968783013578 0.14628082818554178 0.26372661750700327 0.010725131588930608 0.04921278119567207 0.3045504536297328 0.07470188852493684 0.03503922060441274 
Dutch/CSTAUS_software1.nl,0.08277175325502006 1.4282004799483428E-4 0.16694418607789288 0.13748664413182707 0.20960566369360997 0.004989739975373564 0.0513417830432687 0.1712956410609548 0.10952479853467181 0.0658969701793885 
Dutch/CSTAUS_software2.nl,0.09276441173451902 2.501414530691436E-6 0.127883481220795 0.1493496737925549 0.19654627626341706 0.013272703347791587 0.06047247619511408 0.17651437115655705 0.12041167848426544 0.06278242639045735 
Dutch/CSTAUS_software3.nl,0.11806548556821293 2.2591258032015153E-6 0.15548466049712076 0.11859672435429512 0.19630241332845697 0.017956309140548982 0.05486157241076698 0.18341151579419762 0.09880306137103899 0.05651599840956065 
Dutch/CSTAUS_software4.nl,0.1578889453222622 1.9493352509770477E-6 0.20373125360961375 0.12150447586642257 0.17199870672153375 0.0028376820703704462 0.059036949904669705 0.1630372668244796 0.0695868845310757 0.05037588581432389 
Dutch/CSTAUS_software5.nl,0.12585278099466854 2.5518074292634874E-6 0.11780818071222916 0.12513709162342193 0.19684248860657652 0.009050517376646885 0.060107469063169806 0.20443456489114087 0.09614933499760932 0.06461501992710948 
Dutch/CSTAUS_software6.nl,0.12860486063754684 2.2977746464918813E-6 0.12399610755930833 0.12253636954880412 0.14480082058497265 0.04938541667269023 0.062161514114464626 0.23461521752211756 0.07187864730010399 0.06201874828534743 
Dutch/CSTAUS_software7.nl,0.1069805248244091 3.2293622777895446E-6 0.15535287832888253 0.16475212376557988 0.16628774701315838 0.004150609309347456 0.07007001561967985 0.19857848885164892 0.08050939737202584 0.05331498555299136 
Dutch/CSTAUS_software8.nl,0.08818959769385065 2.879596953314457E-6 0.10472642628879485 0.1625855003355232 0.16656700678620454 0.006658276942103568 0.054196583277448876 0.30696022071558626 0.07723990128835714 0.032873607075179404 
Dutch/CSTAUS_software9.nl,0.045765581022427816 7.821235837422964E-4 0.08267382751874654 0.12822324880509434 0.23155409304006655 0.007550155811574404 0.055605821088594194 0.34885704420050695 0.06124029941338265 0.037747805515866185 
Dutch/CSTAUS_undef10.nl,0.024784796158183933 3.483523214680116E-6 0.14240109282617433 0.20462874497209457 0.2652877350391655 0.004929420814657223 0.09452765616191225 0.15892375137965145 0.06904809851533311 0.03546522060961447 
Dutch/CSTAUS_undef11.nl,0.033917912784373595 3.725949271767046E-6 0.1378452736790539 0.17855419327011937 0.2870977716579981 0.0044992233644474714 0.08390595492857743 0.14329197941564867 0.07632982307945849 0.0545541418710521 
Dutch/CSTAUS_undef12.nl,0.04297630602553595 3.776959731817694E-5 0.14133333781682356 0.18322400308770256 0.3004966040685475 0.001352620605072507 0.07950838214692404 0.10851975975413768 0.06102593758829373 0.08152527930963799 
Dutch/CSTAUS_undef1.nl,0.13504124141696644 9.485564872010673E-6 0.1331033471900367 0.13700120472384314 0.29553822229309296 4.4793691401914175E-4 0.04566722444447183 0.1254306896683377 0.08868311022209394 0.039077537562260886 
Dutch/CSTAUS_undef2.nl,0.08251597233554295 6.357906265848768E-6 0.1322814052065798 0.16354121024422053 0.2721800256693333 0.015358373174987268 0.03848991957528556 0.2033406856569801 0.05834450396776509 0.03394154626303687 
Dutch/CSTAUS_undef3.nl,0.052173609181253085 5.8981830882683555E-6 0.14304162081280228 0.15821060253713498 0.28832498192951234 0.0013385325829714323 0.038991983438178855 0.1814027265698504 0.0772943980429554 0.059215646722250666 
Dutch/CSTAUS_undef4.nl,0.03889396001190328 4.071620510901735E-6 0.12041466842421988 0.18791233619394923 0.3208064554638836 0.020585133086297006 0.07364940460510482 0.1437222496970827 0.06358461393544833 0.030427106961600527 
Dutch/CSTAUS_undef5.nl,0.0649050709695173 6.555608460404539E-6 0.11394110077422842 0.16594538073745468 0.269540148853368 0.01065185812235513 0.05309742663437068 0.19970191837792273 0.08478060714586604 0.037429932776456995 
Dutch/CSTAUS_undef6.nl,0.07261795810353745 4.83627306661614E-6 0.14633624388391922 0.16945244514132576 0.27309549907426395 0.005364012626423609 0.051234780248228834 0.12548602854393914 0.12793409074760648 0.028474105357687997 
Dutch/CSTAUS_undef7.nl,0.07707121946822583 3.58946141521487E-6 0.1230298734345139 0.18574713732681059 0.30082027503795167 0.011691467602969753 0.057839609620853986 0.11063189221349397 0.07861762821991619 0.05454730761385084 
Dutch/CSTAUS_undef8.nl,0.06966941759154625 4.467399210269608E-6 0.12122024811340665 0.1552885650373487 0.31815191350878136 0.011046478785636504 0.056161703655874085 0.13985117631127894 0.07829098673224426 0.050315042864673344 
Dutch/CSTAUS_undef9.nl,0.04360140295066012 4.626593700850374E-6 0.13667574485841574 0.17685455007701134 0.3157928976776513 0.007051767924248803 0.035449179577373174 0.1916382893661207 0.05772692827699132 0.03520461269782582 
Dutch/D_CKTAUS_electronics1.nl,5.8893254673385116E-5 2.090301413791927E-6 0.019857981162816535 0.07771325692836761 0.31711266462702614 0.45268084214985477 0.00796310043823739 0.10867198265011985 3.3034988141996514E-4 0.015608838606072786 
Dutch/D_CKTAUS_finance1.nl,0.006004142548121508 5.001064459748528E-7 0.0366325978313106 0.03490859045073695 0.5882377624375538 0.30745649650424167 0.00495637836281822 0.015219556300823889 0.002136233377702922 0.004447742080248369 
Dutch/D_CKTAUS_hardware1.nl,0.0035951330421141246 4.26762541152097E-6 0.196713621758448 0.05428339757326045 0.25596121116841053 0.44226720549892157 0.003436401472643986 0.034932227353578815 7.135358741660943E-5 0.008735180919796668 
Dutch/D_CKTAUS_industrial1.nl,6.733482519769224E-5 1.3410243390970012E-4 0.13382738946309686 0.04685456181956597 0.1941437530248819 0.5368725788954486 0.009756424567056212 0.06114459753906675 0.0026937124581454274 0.014505544973632859 
Dutch/D_CKTAUS_legal1.nl,2.5638386618093227E-4 5.552114465039851E-7 0.04157496372377064 0.02598508111992161 0.5459325936277607 0.33399027527738184 0.018938864192057016 0.026791874692638037 5.878372657692548E-4 0.005941571023076833 
Dutch/D_CKTAUS_pharma1.nl,0.0537836142677558 7.905251708034466E-7 0.03024190292618107 0.03572865025648957 0.35799495509919754 0.44865757311084237 0.03474685783198105 0.014261652754300655 0.005785209564211746 0.01879879366387249 
Dutch/D_CKTAUS_software1.nl,0.010810095383808003 9.195847695035488E-7 0.03351796310738517 0.04408717535257401 0.4471712481308179 0.3797866102729579 0.023133647002547445 0.03847117815253231 0.013495712783641207 0.00952545022896998 
Dutch/D_CKTAUS_undef1.nl,0.008307142146946693 1.0167432164758394E-6 0.05319717572317424 0.04782141169493665 0.3853224092643144 0.4371333087916731 0.019869092959120694 0.037066390105491516 0.007517575977280682 0.0037644765938491965 
Dutch/D_CSTAUS_business1.nl,0.010954335826772481 1.9628424509678043E-6 0.04740650848293162 0.0494897298442655 0.5179364900785514 0.3075823436058629 0.006769228388087296 0.037841209994223794 0.020827434255241167 0.001190756681615775 
Dutch/D_CSTAUS_electronics1.nl,5.397354066054668E-4 1.2519638394988665E-6 0.03621146994654987 0.054924955111399096 0.45482198423150605 0.3698966706143075 0.014674725096655718 0.04198714587492902 0.024189711184427892 0.002752350569783191 
Dutch/D_CSTAUS_hardware1.nl,0.016777223577243896 2.7440964075239627E-4 0.14398576307806402 0.06186205988436199 0.42378547835745356 0.2815812643299517 0.009116464839689257 0.03451612968609583 0.0193176276162314 0.008783578990159325 
Dutch/D_CSTAUS_industrial1.nl,0.01979300026565455 3.0618175869964124E-6 0.08312865665266614 0.07599973554808316 0.35743762443832716 0.3455616190651901 0.019302270442389247 0.0639782682497868 0.02068847702790333 0.014107286492414405 
Dutch/D_CSTAUS_leisure1.nl,0.030599239987896844 2.016705947773518E-6 0.04380158843558765 0.03743336120727108 0.2819665627195854 0.4805788793245693 0.033069072432509145 0.06253864617455482 0.02759633909729481 0.0024142939147859177 
Dutch/D_CSTAUS_software1.nl,0.0537455838547095 9.310146657752411E-7 0.07639309144364882 0.044664367363146246 0.30076185681432255 0.4080320500182208 0.010954592439141049 0.05406848140472943 0.03918491313070475 0.012194132516714922 
Dutch/D_CSTAUS_undef1.nl,0.10399601611650876 4.81385872041341E-6 0.0708756661619511 0.04652909186682552 0.4298055269908608 0.24180837925637183 0.00984179320533103 0.05244969911050484 0.03877849424446735 0.005910519188457999 
