English/CKTAUS_electronics1.en,0.101 0.004 0.052 0.236 0.347 0.019 0.006 0 0.071 0 0 0.004 0.001 0 0.092 0 0.027 0.017 0.001 0.023 
English/CKTAUS_finance10.en,0.017 0.005 0.325 0.117 0.054 0.015 0.072 0.015 0.006 0.015 0.027 0.007 0.017 0 0.289 0 0.007 0.005 0 0.006 
English/CKTAUS_finance11.en,0.018 0.005 0.318 0.125 0.05 0.017 0.066 0.017 0.007 0.016 0.033 0.006 0.019 0 0.288 0 0.006 0.004 0 0.006 
English/CKTAUS_finance12.en,0.018 0.007 0.316 0.123 0.053 0.017 0.069 0.017 0.004 0.017 0.031 0.009 0.017 0 0.285 0 0.007 0.005 0 0.006 
English/CKTAUS_finance13.en,0.021 0.004 0.31 0.125 0.052 0.017 0.068 0.016 0.007 0.012 0.034 0.01 0.022 0 0.283 0 0.005 0.006 0 0.005 
English/CKTAUS_finance14.en,0.02 0.005 0.317 0.121 0.056 0.016 0.069 0.018 0.005 0.014 0.033 0.006 0.016 0 0.284 0 0.007 0.007 0 0.005 
English/CKTAUS_finance15.en,0.021 0.007 0.306 0.123 0.047 0.015 0.068 0.016 0.006 0.015 0.038 0.006 0.02 0 0.291 0 0.006 0.007 0.001 0.006 
English/CKTAUS_finance16.en,0.024 0.006 0.304 0.125 0.055 0.015 0.068 0.016 0.006 0.016 0.033 0.005 0.026 0 0.281 0 0.005 0.006 0.001 0.008 
English/CKTAUS_finance17.en,0.018 0.006 0.311 0.125 0.053 0.014 0.067 0.02 0.006 0.017 0.036 0.007 0.018 0 0.282 0 0.009 0.005 0.001 0.008 
English/CKTAUS_finance18.en,0.016 0.008 0.31 0.123 0.054 0.016 0.066 0.019 0.006 0.017 0.032 0.006 0.018 0 0.287 0 0.009 0.006 0.001 0.008 
English/CKTAUS_finance19.en,0.02 0.007 0.311 0.12 0.055 0.015 0.068 0.017 0.004 0.012 0.026 0.007 0.016 0 0.285 0 0.009 0.021 0.001 0.007 
English/CKTAUS_finance1.en,0.03 0.007 0.297 0.126 0.056 0.017 0.066 0.018 0.004 0.01 0.033 0.006 0.023 0 0.276 0 0.005 0.023 0.001 0.003 
English/CKTAUS_finance20.en,0.032 0.005 0.309 0.122 0.051 0.015 0.063 0.019 0.005 0.016 0.03 0.008 0.019 0 0.281 0 0.006 0.013 0.001 0.006 
English/CKTAUS_finance21.en,0.031 0.007 0.311 0.125 0.049 0.013 0.073 0.014 0.005 0.016 0.031 0.007 0.018 0 0.277 0 0.007 0.01 0 0.006 
English/CKTAUS_finance2.en,0.032 0.003 0.309 0.118 0.055 0.019 0.06 0.017 0.005 0.01 0.039 0.007 0.02 0 0.284 0 0.005 0.012 0 0.007 
English/CKTAUS_finance3.en,0.031 0.007 0.311 0.125 0.055 0.016 0.064 0.014 0.005 0.017 0.035 0.008 0.017 0 0.273 0 0.006 0.011 0 0.006 
English/CKTAUS_finance4.en,0.022 0.008 0.302 0.123 0.052 0.017 0.067 0.018 0.005 0.021 0.037 0.006 0.019 0 0.283 0 0.007 0.007 0 0.006 
English/CKTAUS_finance5.en,0.023 0.006 0.307 0.123 0.053 0.014 0.07 0.015 0.007 0.017 0.039 0.007 0.02 0 0.276 0 0.007 0.01 0 0.005 
English/CKTAUS_finance6.en,0.025 0.006 0.298 0.126 0.054 0.018 0.079 0.015 0.007 0.016 0.029 0.006 0.019 0 0.277 0 0.007 0.012 0 0.004 
English/CKTAUS_finance7.en,0.025 0.008 0.305 0.115 0.051 0.017 0.071 0.017 0.005 0.017 0.035 0.008 0.021 0 0.284 0 0.006 0.009 0.001 0.005 
English/CKTAUS_finance8.en,0.018 0.005 0.306 0.118 0.052 0.02 0.068 0.015 0.004 0.019 0.039 0.006 0.023 0 0.285 0 0.008 0.009 0 0.005 
English/CKTAUS_finance9.en,0.021 0.007 0.316 0.119 0.05 0.015 0.068 0.019 0.006 0.019 0.032 0.009 0.02 0 0.279 0 0.008 0.005 0 0.007 
English/CKTAUS_hardware1.en,0.035 0.001 0.142 0.144 0.143 0.019 0.039 0.035 0.017 0.127 0.039 0.048 0.015 0.026 0.138 0 0.01 0.015 0 0.006 
English/CKTAUS_industrial1.en,0.038 0.024 0.068 0.132 0.176 0.033 0.028 0.038 0.029 0.113 0.043 0.017 0.063 0 0.101 0 0.082 0.01 0.001 0.003 
English/CKTAUS_industrial2.en,0.038 0.026 0.069 0.137 0.18 0.033 0.028 0.035 0.028 0.106 0.037 0.018 0.063 0.001 0.101 0 0.084 0.012 0.002 0.002 
English/CKTAUS_industrial3.en,0.036 0.021 0.063 0.126 0.191 0.04 0.035 0.037 0.029 0.107 0.036 0.015 0.064 0.007 0.104 0 0.077 0.009 0 0.002 
English/CKTAUS_industrial4.en,0.036 0.027 0.071 0.151 0.179 0.025 0.017 0.033 0.031 0.13 0.038 0.014 0.043 0 0.112 0 0.078 0.011 0 0.003 
English/CKTAUS_industrial5.en,0.044 0.024 0.07 0.154 0.188 0.018 0.024 0.045 0.027 0.126 0.037 0.012 0.036 0.002 0.118 0 0.065 0.008 0.002 0 
English/CKTAUS_legal10.en,0.041 0.005 0.254 0.143 0.064 0.008 0.051 0.023 0.007 0.036 0.062 0.021 0.049 0.01 0.201 0 0.014 0.012 0 0 
English/CKTAUS_legal11.en,0.02 0.006 0.29 0.141 0.067 0.009 0.062 0.014 0.014 0.016 0.074 0.008 0.021 0 0.229 0 0.02 0.004 0 0.004 
English/CKTAUS_legal12.en,0.023 0.005 0.268 0.133 0.062 0.004 0.056 0.018 0.021 0.021 0.081 0.019 0.033 0 0.228 0 0.021 0.005 0 0.002 
English/CKTAUS_legal13.en,0.039 0.005 0.199 0.152 0.078 0.016 0.056 0.029 0.009 0.068 0.08 0.008 0.023 0.007 0.193 0 0.022 0.012 0.003 0.002 
English/CKTAUS_legal14.en,0.024 0.011 0.231 0.131 0.042 0.009 0.055 0.016 0.008 0.038 0.074 0.028 0.031 0.052 0.218 0 0.015 0.005 0 0.012 
English/CKTAUS_legal15.en,0.035 0.008 0.242 0.14 0.072 0.006 0.057 0.008 0.017 0.021 0.033 0.028 0.065 0.011 0.235 0 0.005 0.01 0 0.006 
English/CKTAUS_legal16.en,0.019 0.011 0.197 0.14 0.07 0.016 0.075 0.011 0.012 0.029 0.044 0.063 0.064 0.023 0.202 0 0.013 0.004 0.002 0.005 
English/CKTAUS_legal17.en,0.031 0.002 0.236 0.121 0.059 0.011 0.07 0.01 0.016 0.034 0.044 0.055 0.038 0.017 0.227 0 0.016 0.008 0 0.005 
English/CKTAUS_legal18.en,0.024 0.009 0.275 0.143 0.068 0.006 0.046 0.009 0.007 0.017 0.054 0.049 0.035 0.004 0.227 0 0.015 0.005 0 0.007 
English/CKTAUS_legal19.en,0.029 0.016 0.25 0.133 0.069 0.006 0.056 0.02 0.009 0.016 0.071 0.04 0.049 0.009 0.197 0 0.017 0.009 0 0.003 
English/CKTAUS_legal1.en,0.028 0.004 0.261 0.157 0.063 0.006 0.078 0.007 0.007 0.018 0.041 0.02 0.055 0.003 0.231 0 0.015 0.007 0 0 
English/CKTAUS_legal20.en,0.033 0.01 0.236 0.116 0.059 0.009 0.061 0.011 0.017 0.029 0.081 0.055 0.043 0.009 0.204 0 0.014 0.01 0 0.004 
English/CKTAUS_legal21.en,0.03 0.009 0.243 0.126 0.064 0.008 0.072 0.022 0.012 0.016 0.06 0.043 0.023 0.015 0.209 0 0.02 0.028 0 0 
English/CKTAUS_legal2.en,0.041 0.004 0.274 0.142 0.07 0.004 0.047 0.008 0.005 0.013 0.056 0.029 0.038 0.016 0.214 0 0.017 0.009 0 0.011 
English/CKTAUS_legal3.en,0.028 0.005 0.177 0.143 0.036 0.005 0.05 0.02 0.007 0.041 0.063 0.109 0.047 0.043 0.194 0 0.023 0.005 0 0.003 
English/CKTAUS_legal4.en,0.028 0.003 0.147 0.252 0.051 0.023 0.035 0.02 0.013 0.034 0.039 0.119 0.012 0.05 0.127 0 0.012 0.009 0.025 0 
English/CKTAUS_legal5.en,0.017 0.008 0.18 0.213 0.055 0.016 0.038 0.015 0.008 0.03 0.066 0.1 0.038 0.034 0.155 0 0.015 0.011 0.001 0.001 
English/CKTAUS_legal6.en,0.024 0.002 0.232 0.118 0.052 0.019 0.065 0.018 0.012 0.023 0.077 0.086 0.024 0.014 0.204 0 0.015 0.01 0 0.007 
English/CKTAUS_legal7.en,0.032 0.006 0.25 0.16 0.058 0.007 0.049 0.007 0.011 0.025 0.059 0.047 0.02 0.014 0.224 0 0.009 0.017 0 0.004 
English/CKTAUS_legal8.en,0.028 0.008 0.285 0.144 0.057 0.005 0.063 0.011 0.01 0.018 0.067 0.025 0.027 0.005 0.218 0 0.022 0.005 0 0.002 
English/CKTAUS_legal9.en,0.024 0.008 0.214 0.154 0.069 0.008 0.058 0.005 0.007 0.03 0.049 0.054 0.024 0.013 0.232 0 0.019 0.022 0.001 0.01 
English/CKTAUS_pharma10.en,0.024 0.001 0.106 0.103 0.073 0.008 0.032 0.032 0.007 0.034 0.051 0.265 0.004 0.102 0.099 0 0.014 0.004 0.001 0.039 
English/CKTAUS_pharma11.en,0.007 0 0.105 0.119 0.065 0.021 0.036 0.015 0.02 0.02 0.035 0.213 0.022 0.163 0.108 0 0.01 0 0 0.043 
English/CKTAUS_pharma12.en,0.013 0.003 0.106 0.112 0.069 0.009 0.03 0.031 0.003 0.036 0.041 0.229 0.004 0.153 0.119 0 0.021 0.001 0 0.02 
English/CKTAUS_pharma13.en,0.018 0.001 0.107 0.119 0.065 0.011 0.032 0.026 0.004 0.029 0.026 0.193 0.006 0.211 0.109 0 0.018 0.002 0.001 0.023 
English/CKTAUS_pharma14.en,0.019 0.002 0.106 0.116 0.06 0.014 0.035 0.025 0.008 0.033 0.037 0.181 0.007 0.213 0.104 0 0.014 0 0 0.027 
English/CKTAUS_pharma15.en,0.01 0.006 0.126 0.125 0.052 0.01 0.031 0.019 0.007 0.024 0.047 0.128 0.014 0.262 0.104 0 0.013 0 0 0.022 
English/CKTAUS_pharma16.en,0.018 0.004 0.115 0.103 0.072 0.009 0.029 0.037 0.003 0.025 0.062 0.166 0.017 0.201 0.102 0 0.01 0.004 0.005 0.02 
English/CKTAUS_pharma17.en,0.018 0.003 0.099 0.105 0.062 0.01 0.028 0.053 0.003 0.034 0.062 0.164 0.007 0.222 0.098 0 0.015 0.003 0.003 0.01 
English/CKTAUS_pharma18.en,0.018 0.002 0.125 0.113 0.064 0.012 0.04 0.025 0.008 0.047 0.04 0.202 0.006 0.165 0.102 0 0.009 0.001 0.002 0.019 
English/CKTAUS_pharma19.en,0.014 0 0.108 0.111 0.104 0.014 0.032 0.036 0.042 0.04 0.016 0.167 0.008 0.163 0.099 0 0.015 0.004 0.003 0.023 
English/CKTAUS_pharma1.en,0.018 0.002 0.112 0.108 0.142 0.012 0.023 0.03 0.011 0.033 0.045 0.156 0.013 0.142 0.105 0 0.022 0 0.001 0.025 
English/CKTAUS_pharma20.en,0.025 0.009 0.123 0.133 0.098 0.018 0.036 0.031 0.013 0.033 0.049 0.123 0.008 0.165 0.101 0 0.013 0 0.003 0.017 
English/CKTAUS_pharma21.en,0.02 0.006 0.117 0.129 0.095 0.015 0.041 0.025 0.009 0.03 0.054 0.13 0.005 0.184 0.107 0 0.012 0.002 0 0.018 
English/CKTAUS_pharma2.en,0.013 0.001 0.111 0.137 0.089 0.026 0.038 0.018 0.01 0.019 0.037 0.157 0.01 0.159 0.122 0 0.025 0.002 0 0.026 
English/CKTAUS_pharma3.en,0.012 0.002 0.117 0.097 0.071 0.011 0.025 0.08 0.005 0.028 0.053 0.218 0.004 0.121 0.104 0 0.024 0.001 0.001 0.027 
English/CKTAUS_pharma4.en,0.019 0.003 0.111 0.112 0.078 0.017 0.019 0.081 0.007 0.037 0.072 0.174 0.007 0.112 0.106 0 0.016 0.004 0 0.025 
English/CKTAUS_pharma5.en,0.024 0.001 0.15 0.102 0.066 0.012 0.034 0.048 0.004 0.039 0.105 0.17 0.006 0.107 0.104 0 0.012 0.004 0 0.013 
English/CKTAUS_pharma6.en,0.019 0.007 0.102 0.089 0.068 0.012 0.02 0.049 0.007 0.026 0.102 0.23 0.014 0.12 0.108 0 0.012 0.008 0 0.008 
English/CKTAUS_pharma7.en,0.009 0 0.121 0.123 0.066 0.015 0.056 0.079 0.005 0.039 0.064 0.127 0.005 0.114 0.129 0 0.03 0.003 0 0.013 
English/CKTAUS_pharma8.en,0.013 0.083 0.112 0.099 0.06 0.015 0.056 0.055 0.009 0.032 0.039 0.155 0.006 0.103 0.118 0 0.019 0.004 0.002 0.018 
English/CKTAUS_pharma9.en,0.018 0.065 0.122 0.108 0.067 0.021 0.029 0.029 0.007 0.031 0.038 0.239 0.006 0.084 0.097 0 0.019 0 0 0.022 
English/CKTAUS_software10.en,0.017 0.036 0.112 0.107 0.061 0.013 0.033 0.033 0.005 0.036 0.05 0.16 0.01 0.123 0.104 0 0.016 0.003 0.056 0.023 
English/CKTAUS_software11.en,0.017 0.023 0.112 0.111 0.071 0.015 0.037 0.037 0.008 0.032 0.048 0.161 0.008 0.118 0.105 0 0.017 0.004 0.055 0.022 
English/CKTAUS_software12.en,0.015 0.023 0.11 0.109 0.067 0.013 0.031 0.032 0.008 0.034 0.047 0.163 0.011 0.128 0.11 0 0.035 0.004 0.04 0.021 
English/CKTAUS_software13.en,0.018 0.025 0.105 0.108 0.064 0.02 0.035 0.034 0.009 0.037 0.046 0.164 0.009 0.122 0.105 0 0.033 0.004 0.04 0.023 
English/CKTAUS_software14.en,0.014 0.027 0.111 0.104 0.065 0.028 0.033 0.035 0.007 0.036 0.046 0.159 0.008 0.129 0.104 0 0.026 0.004 0.039 0.023 
English/CKTAUS_software1.en,0.024 0.019 0.114 0.116 0.101 0.08 0.024 0.048 0.02 0.023 0.037 0.095 0.007 0.08 0.126 0 0.021 0.02 0.029 0.017 
English/CKTAUS_software2.en,0.013 0.028 0.115 0.107 0.069 0.025 0.036 0.032 0.007 0.033 0.047 0.158 0.008 0.12 0.109 0 0.026 0.006 0.039 0.023 
English/CKTAUS_software3.en,0.014 0.028 0.111 0.112 0.062 0.023 0.039 0.032 0.007 0.038 0.051 0.154 0.006 0.123 0.106 0 0.023 0.008 0.041 0.023 
English/CKTAUS_software4.en,0.014 0.024 0.111 0.105 0.06 0.023 0.037 0.032 0.005 0.029 0.047 0.157 0.007 0.134 0.116 0 0.025 0.009 0.043 0.022 
English/CKTAUS_software5.en,0.015 0.023 0.112 0.107 0.066 0.025 0.035 0.033 0.008 0.033 0.049 0.162 0.009 0.118 0.109 0 0.024 0.007 0.046 0.021 
English/CKTAUS_software6.en,0.016 0.024 0.109 0.103 0.066 0.027 0.037 0.035 0.006 0.036 0.046 0.162 0.009 0.119 0.111 0 0.028 0.008 0.035 0.025 
English/CKTAUS_software7.en,0.014 0.025 0.111 0.108 0.07 0.022 0.036 0.031 0.01 0.035 0.047 0.161 0.01 0.129 0.102 0 0.024 0.005 0.04 0.021 
English/CKTAUS_software8.en,0.013 0.027 0.11 0.107 0.068 0.023 0.038 0.036 0.008 0.036 0.047 0.157 0.007 0.124 0.104 0 0.023 0.006 0.041 0.025 
English/CKTAUS_software9.en,0.015 0.021 0.108 0.106 0.063 0.025 0.035 0.034 0.009 0.038 0.047 0.151 0.01 0.134 0.108 0 0.021 0.009 0.042 0.024 
English/CKTAUS_undef1.en,0.041 0.006 0.147 0.13 0.065 0.043 0.05 0.036 0.016 0.032 0.045 0.081 0.015 0.053 0.137 0 0.019 0.069 0.003 0.012 
English/CKTAUS_undef2.en,0.021 0.002 0.269 0.141 0.046 0.02 0.064 0.013 0.012 0.013 0.074 0.045 0.043 0.016 0.175 0 0.015 0.024 0.003 0.003 
English/CKTAUS_undef3.en,0.017 0.006 0.287 0.161 0.042 0.006 0.074 0.009 0.007 0.013 0.082 0.03 0.048 0.004 0.198 0 0.003 0.007 0.002 0.004 
English/CKTAUS_undef4.en,0.013 0.006 0.288 0.168 0.043 0.006 0.065 0.007 0.008 0.014 0.082 0.032 0.054 0.005 0.191 0 0.006 0.006 0.004 0.005 
English/CKTAUS_undef5.en,0.041 0 0.18 0.118 0.119 0.052 0.072 0.028 0.04 0.008 0.048 0.021 0.012 0.02 0.164 0 0.004 0.068 0.003 0.002 
English/CKTAUS_undef6.en,0.055 0 0.169 0.1 0.188 0.033 0.06 0.026 0.03 0.009 0.031 0.024 0.002 0.014 0.195 0 0.001 0.062 0 0 
English/CSTAUS_business10.en,0.057 0.009 0.144 0.135 0.217 0.022 0.029 0.072 0.012 0.015 0.013 0.042 0.003 0.008 0.174 0 0.025 0.018 0.005 0.001 
English/CSTAUS_business11.en,0.04 0.007 0.137 0.136 0.194 0.023 0.032 0.104 0.005 0.024 0.016 0.044 0.001 0.011 0.162 0 0.032 0.028 0.001 0 
English/CSTAUS_business12.en,0.052 0.006 0.126 0.126 0.201 0.021 0.036 0.094 0.015 0.02 0.015 0.04 0.003 0.006 0.189 0 0.027 0.019 0.002 0 
English/CSTAUS_business13.en,0.069 0.006 0.15 0.14 0.193 0.03 0.017 0.101 0.004 0.024 0.011 0.04 0.002 0.01 0.163 0 0.018 0.019 0 0 
English/CSTAUS_business14.en,0.037 0.008 0.146 0.159 0.174 0.023 0.032 0.092 0 0.015 0.013 0.05 0.006 0.01 0.165 0 0.023 0.043 0.002 0.003 
English/CSTAUS_business15.en,0.036 0.01 0.144 0.141 0.205 0.025 0.028 0.09 0.005 0.014 0.018 0.05 0.004 0.005 0.168 0 0.025 0.031 0.001 0.001 
English/CSTAUS_business16.en,0.039 0.009 0.142 0.127 0.181 0.016 0.038 0.095 0.009 0.012 0.018 0.047 0.007 0.005 0.172 0 0.052 0.025 0.004 0.003 
English/CSTAUS_business17.en,0.028 0.006 0.13 0.148 0.172 0.028 0.036 0.103 0.012 0.021 0.024 0.036 0.002 0.009 0.181 0 0.037 0.026 0.001 0 
English/CSTAUS_business18.en,0.032 0.014 0.13 0.148 0.2 0.03 0.022 0.08 0.01 0.032 0.014 0.042 0.005 0.007 0.177 0 0.022 0.029 0.004 0.003 
English/CSTAUS_business19.en,0.048 0.01 0.144 0.126 0.174 0.031 0.031 0.102 0.006 0.019 0.015 0.041 0.002 0.005 0.179 0 0.03 0.027 0.004 0.006 
English/CSTAUS_business1.en,0.054 0.009 0.152 0.126 0.176 0.02 0.024 0.092 0.007 0.011 0.017 0.038 0.001 0.015 0.222 0 0.013 0.024 0 0 
English/CSTAUS_business20.en,0.044 0.013 0.171 0.151 0.185 0.029 0.021 0.083 0.007 0.021 0.011 0.041 0.001 0.011 0.164 0 0.021 0.026 0.001 0 
English/CSTAUS_business21.en,0.048 0.008 0.147 0.148 0.192 0.018 0.029 0.094 0.005 0.015 0.023 0.043 0.004 0.017 0.152 0 0.035 0.021 0.001 0 
English/CSTAUS_business2.en,0.076 0.007 0.159 0.126 0.181 0.028 0.02 0.088 0.006 0.013 0.026 0.021 0.013 0.013 0.188 0 0.012 0.019 0.001 0.004 
English/CSTAUS_business3.en,0.081 0.007 0.156 0.122 0.186 0.021 0.026 0.079 0.003 0.007 0.021 0.025 0.012 0.01 0.203 0 0.021 0.02 0.001 0 
English/CSTAUS_business4.en,0.042 0.006 0.148 0.124 0.18 0.03 0.028 0.101 0.011 0.007 0.019 0.041 0.003 0.012 0.201 0 0.018 0.018 0.011 0 
English/CSTAUS_business5.en,0.033 0.004 0.165 0.151 0.194 0.025 0.027 0.096 0.012 0.013 0.014 0.033 0.004 0.006 0.178 0 0.021 0.018 0.007 0 
English/CSTAUS_business6.en,0.047 0.005 0.156 0.158 0.197 0.028 0.026 0.072 0.016 0.016 0.011 0.052 0.001 0.008 0.163 0 0.017 0.021 0.001 0.004 
English/CSTAUS_business7.en,0.032 0.014 0.133 0.142 0.191 0.027 0.029 0.095 0.008 0.021 0.014 0.057 0.006 0.004 0.145 0 0.038 0.034 0.009 0.001 
English/CSTAUS_business8.en,0.035 0.01 0.133 0.134 0.211 0.031 0.033 0.098 0.006 0.026 0.012 0.038 0.007 0.01 0.166 0 0.02 0.027 0.005 0.001 
English/CSTAUS_business9.en,0.058 0.003 0.154 0.123 0.182 0.03 0.034 0.096 0.017 0.016 0.008 0.054 0.006 0.008 0.162 0 0.027 0.018 0.002 0.001 
English/CSTAUS_electronics1.en,0.043 0.009 0.104 0.095 0.102 0.027 0.035 0.145 0.012 0.053 0.055 0.094 0.065 0.031 0.097 0 0.012 0.014 0.001 0.008 
English/CSTAUS_electronics2.en,0.039 0.007 0.118 0.086 0.112 0.028 0.032 0.134 0.009 0.061 0.049 0.072 0.046 0.043 0.1 0 0.022 0.037 0 0.006 
English/CSTAUS_electronics3.en,0.036 0 0.141 0.12 0.15 0.036 0.028 0.083 0.022 0.034 0.032 0.049 0.015 0.027 0.159 0 0.007 0.047 0.004 0.009 
English/CSTAUS_hardware10.en,0.028 0.005 0.134 0.127 0.104 0.033 0.036 0.144 0.028 0.085 0.033 0.033 0.012 0.025 0.116 0 0.027 0.027 0 0.003 
English/CSTAUS_hardware11.en,0.032 0.005 0.142 0.124 0.107 0.033 0.035 0.097 0.022 0.101 0.034 0.042 0.011 0.023 0.114 0 0.018 0.022 0 0.038 
English/CSTAUS_hardware12.en,0.038 0.014 0.181 0.147 0.131 0.023 0.026 0.057 0.007 0.065 0.029 0.022 0.007 0.026 0.17 0 0.017 0.016 0.001 0.023 
English/CSTAUS_hardware13.en,0.032 0.003 0.149 0.123 0.124 0.039 0.027 0.086 0.013 0.09 0.031 0.053 0.006 0.025 0.108 0 0.015 0.021 0 0.056 
English/CSTAUS_hardware14.en,0.04 0.001 0.136 0.122 0.136 0.042 0.033 0.083 0.021 0.094 0.027 0.048 0.008 0.017 0.107 0 0.022 0.017 0 0.046 
English/CSTAUS_hardware15.en,0.038 0.001 0.112 0.106 0.112 0.044 0.05 0.125 0.021 0.091 0.036 0.039 0.01 0.027 0.081 0 0.026 0.027 0 0.054 
English/CSTAUS_hardware16.en,0.026 0.003 0.131 0.132 0.117 0.036 0.029 0.085 0.015 0.085 0.04 0.046 0.006 0.021 0.139 0 0.015 0.023 0 0.051 
English/CSTAUS_hardware17.en,0.045 0.005 0.132 0.139 0.115 0.025 0.025 0.081 0.025 0.076 0.026 0.036 0.013 0.014 0.134 0 0.018 0.018 0 0.071 
English/CSTAUS_hardware18.en,0.024 0 0.127 0.112 0.111 0.033 0.029 0.099 0.027 0.088 0.033 0.052 0.009 0.02 0.124 0 0.027 0.023 0 0.062 
English/CSTAUS_hardware19.en,0.031 0.003 0.147 0.126 0.097 0.03 0.021 0.099 0.024 0.087 0.029 0.038 0.006 0.019 0.135 0 0.018 0.022 0 0.067 
English/CSTAUS_hardware1.en,0.035 0.001 0.137 0.135 0.125 0.038 0.023 0.07 0.038 0.106 0.045 0.042 0.012 0.014 0.105 0 0.011 0.009 0 0.051 
English/CSTAUS_hardware20.en,0.042 0.002 0.148 0.139 0.1 0.03 0.027 0.074 0.028 0.092 0.031 0.044 0.008 0.019 0.145 0 0.009 0.015 0 0.044 
English/CSTAUS_hardware21.en,0.034 0.002 0.159 0.154 0.1 0.03 0.026 0.077 0.032 0.114 0.02 0.039 0.002 0.019 0.129 0 0.014 0.017 0.001 0.032 
English/CSTAUS_hardware2.en,0.029 0.002 0.14 0.142 0.113 0.038 0.027 0.088 0.04 0.084 0.039 0.046 0.005 0.02 0.111 0 0.018 0.012 0 0.046 
English/CSTAUS_hardware3.en,0.037 0.001 0.137 0.14 0.102 0.041 0.021 0.083 0.041 0.082 0.044 0.038 0.011 0.013 0.116 0 0.024 0.016 0 0.053 
English/CSTAUS_hardware4.en,0.032 0.001 0.136 0.129 0.111 0.041 0.021 0.095 0.044 0.086 0.032 0.046 0.014 0.013 0.111 0 0.023 0.015 0 0.049 
English/CSTAUS_hardware5.en,0.038 0.001 0.156 0.139 0.108 0.038 0.02 0.084 0.033 0.07 0.031 0.033 0.012 0.019 0.134 0 0.022 0.019 0.002 0.043 
English/CSTAUS_hardware6.en,0.033 0.002 0.125 0.129 0.113 0.04 0.028 0.116 0.045 0.063 0.035 0.043 0.009 0.026 0.093 0 0.03 0.024 0 0.047 
English/CSTAUS_hardware7.en,0.027 0.003 0.126 0.103 0.117 0.034 0.039 0.111 0.045 0.085 0.032 0.047 0.006 0.033 0.097 0 0.032 0.025 0 0.037 
English/CSTAUS_hardware8.en,0.029 0.008 0.126 0.124 0.148 0.033 0.03 0.084 0.032 0.102 0.021 0.056 0.012 0.018 0.102 0 0.018 0.02 0 0.038 
English/CSTAUS_hardware9.en,0.034 0 0.119 0.097 0.108 0.04 0.048 0.134 0.04 0.087 0.032 0.049 0.008 0.03 0.084 0 0.026 0.025 0 0.038 
English/CSTAUS_industrial1.en,0.071 0.021 0.162 0.114 0.14 0.052 0.014 0.036 0.037 0.037 0.033 0.032 0.009 0.023 0.117 0 0.019 0.01 0 0.072 
English/CSTAUS_industrial2.en,0.06 0.038 0.124 0.126 0.135 0.057 0.018 0.041 0.024 0.02 0.04 0.032 0.01 0.026 0.138 0 0.024 0.011 0.001 0.074 
English/CSTAUS_industrial3.en,0.068 0.029 0.118 0.107 0.129 0.065 0.019 0.03 0.019 0.018 0.064 0.028 0.026 0.051 0.15 0 0.017 0.02 0.001 0.042 
English/CSTAUS_leisure10.en,0.047 0.148 0.117 0.084 0.065 0.023 0.029 0.058 0.009 0.019 0.028 0.053 0.009 0.078 0.143 0 0.025 0.045 0.013 0.006 
English/CSTAUS_leisure11.en,0.056 0.117 0.113 0.09 0.059 0.035 0.028 0.059 0.011 0.018 0.032 0.046 0.014 0.074 0.144 0 0.022 0.048 0.019 0.016 
English/CSTAUS_leisure12.en,0.042 0.107 0.115 0.092 0.065 0.028 0.033 0.058 0.011 0.017 0.034 0.052 0.015 0.071 0.157 0 0.024 0.052 0.016 0.009 
English/CSTAUS_leisure13.en,0.049 0.109 0.107 0.098 0.067 0.032 0.028 0.059 0.012 0.012 0.038 0.051 0.012 0.075 0.153 0 0.022 0.048 0.019 0.012 
English/CSTAUS_leisure14.en,0.052 0.107 0.118 0.103 0.078 0.028 0.031 0.052 0.008 0.012 0.037 0.048 0.012 0.076 0.142 0 0.02 0.048 0.018 0.01 
English/CSTAUS_leisure15.en,0.05 0.111 0.116 0.091 0.063 0.039 0.032 0.05 0.012 0.018 0.035 0.05 0.014 0.073 0.154 0 0.019 0.042 0.02 0.01 
English/CSTAUS_leisure16.en,0.046 0.119 0.12 0.087 0.063 0.037 0.038 0.059 0.011 0.016 0.03 0.046 0.008 0.073 0.154 0 0.022 0.049 0.014 0.008 
English/CSTAUS_leisure17.en,0.052 0.113 0.117 0.094 0.076 0.031 0.03 0.052 0.01 0.02 0.033 0.046 0.013 0.07 0.156 0 0.021 0.044 0.01 0.01 
English/CSTAUS_leisure18.en,0.05 0.113 0.11 0.094 0.069 0.03 0.027 0.056 0.009 0.018 0.039 0.055 0.013 0.072 0.155 0 0.017 0.048 0.014 0.012 
English/CSTAUS_leisure19.en,0.051 0.109 0.118 0.098 0.064 0.032 0.027 0.055 0.008 0.019 0.039 0.05 0.013 0.075 0.153 0 0.018 0.047 0.014 0.009 
English/CSTAUS_leisure1.en,0.046 0.105 0.117 0.096 0.066 0.039 0.032 0.053 0.01 0.014 0.031 0.056 0.013 0.07 0.159 0 0.023 0.048 0.011 0.011 
English/CSTAUS_leisure20.en,0.05 0.108 0.113 0.099 0.069 0.025 0.033 0.061 0.011 0.015 0.034 0.047 0.011 0.075 0.159 0 0.022 0.042 0.017 0.009 
English/CSTAUS_leisure21.en,0.049 0.112 0.118 0.095 0.065 0.031 0.034 0.06 0.008 0.019 0.03 0.046 0.008 0.074 0.153 0 0.02 0.051 0.015 0.012 
English/CSTAUS_leisure2.en,0.045 0.114 0.107 0.097 0.072 0.028 0.025 0.052 0.013 0.025 0.036 0.052 0.01 0.078 0.145 0 0.021 0.05 0.02 0.01 
English/CSTAUS_leisure3.en,0.048 0.121 0.111 0.087 0.062 0.03 0.031 0.057 0.009 0.019 0.036 0.05 0.01 0.079 0.162 0 0.019 0.046 0.012 0.01 
English/CSTAUS_leisure4.en,0.05 0.099 0.117 0.096 0.07 0.03 0.035 0.057 0.009 0.013 0.033 0.052 0.016 0.072 0.159 0 0.022 0.044 0.016 0.009 
English/CSTAUS_leisure5.en,0.047 0.114 0.114 0.101 0.065 0.04 0.03 0.053 0.01 0.019 0.033 0.047 0.014 0.071 0.142 0 0.024 0.048 0.018 0.01 
English/CSTAUS_leisure6.en,0.046 0.115 0.112 0.099 0.071 0.033 0.03 0.057 0.013 0.019 0.037 0.056 0.011 0.073 0.155 0 0.013 0.037 0.019 0.006 
English/CSTAUS_leisure7.en,0.045 0.121 0.106 0.098 0.069 0.035 0.03 0.049 0.004 0.015 0.032 0.053 0.016 0.071 0.155 0 0.026 0.049 0.016 0.01 
English/CSTAUS_leisure8.en,0.05 0.105 0.119 0.103 0.065 0.038 0.026 0.058 0.007 0.012 0.032 0.054 0.017 0.071 0.151 0 0.021 0.05 0.014 0.01 
English/CSTAUS_leisure9.en,0.048 0.109 0.116 0.097 0.073 0.029 0.027 0.059 0.015 0.018 0.028 0.055 0.017 0.068 0.147 0 0.021 0.046 0.019 0.009 
English/CSTAUS_software10.en,0.081 0.021 0.186 0.132 0.147 0.038 0.016 0.048 0.043 0.029 0.032 0.019 0.002 0.014 0.144 0 0.012 0.013 0.001 0.023 
English/CSTAUS_software11.en,0.048 0.005 0.149 0.117 0.207 0.081 0.03 0.035 0.026 0.05 0.022 0.038 0.013 0.023 0.126 0 0.003 0.012 0 0.016 
English/CSTAUS_software12.en,0.052 0 0.185 0.112 0.198 0.105 0.039 0.049 0.018 0.02 0.027 0.02 0.03 0.006 0.115 0 0.004 0.006 0.004 0.01 
English/CSTAUS_software13.en,0.057 0 0.149 0.167 0.157 0.065 0.043 0.055 0.029 0.025 0.037 0.025 0.02 0.013 0.133 0 0.003 0.015 0 0.006 
English/CSTAUS_software14.en,0.05 0.002 0.137 0.189 0.2 0.073 0.028 0.068 0.021 0.012 0.011 0.021 0.023 0.002 0.134 0.001 0.008 0.005 0.003 0.013 
English/CSTAUS_software1.en,0.056 0.003 0.121 0.195 0.159 0.027 0.025 0.062 0.038 0.037 0.017 0.037 0.021 0.012 0.123 0 0.013 0.009 0.001 0.045 
English/CSTAUS_software2.en,0.045 0.006 0.093 0.199 0.199 0.044 0.019 0.074 0.039 0.033 0.014 0.027 0.008 0.014 0.125 0 0.014 0.008 0.003 0.036 
English/CSTAUS_software3.en,0.033 0.011 0.094 0.157 0.195 0.038 0.032 0.061 0.04 0.043 0.014 0.062 0.025 0.006 0.117 0 0.007 0.009 0.009 0.044 
English/CSTAUS_software4.en,0.048 0.011 0.088 0.184 0.157 0.05 0.027 0.072 0.037 0.043 0.012 0.043 0.017 0.008 0.119 0 0.009 0.016 0.014 0.045 
English/CSTAUS_software5.en,0.033 0.009 0.108 0.138 0.199 0.041 0.03 0.065 0.035 0.055 0.01 0.057 0.03 0.007 0.107 0 0.009 0.009 0.004 0.052 
English/CSTAUS_software6.en,0.041 0.006 0.093 0.14 0.195 0.033 0.037 0.066 0.077 0.026 0.022 0.06 0.034 0.009 0.103 0 0.009 0.008 0.001 0.039 
English/CSTAUS_software7.en,0.047 0.035 0.107 0.172 0.153 0.053 0.021 0.056 0.021 0.034 0.02 0.037 0.012 0.006 0.135 0 0.009 0.022 0.008 0.052 
English/CSTAUS_software8.en,0.079 0.016 0.133 0.137 0.149 0.059 0.014 0.056 0.021 0.035 0.026 0.023 0.008 0.01 0.141 0 0.011 0.01 0 0.072 
English/CSTAUS_software9.en,0.069 0.004 0.161 0.133 0.136 0.056 0.019 0.049 0.014 0.033 0.032 0.038 0.007 0.025 0.135 0 0.02 0.019 0.008 0.039 
English/CSTAUS_undef10.en,0.056 0.009 0.151 0.118 0.139 0.027 0.03 0.066 0.019 0.031 0.04 0.02 0.018 0.013 0.178 0 0.01 0.064 0 0.01 
English/CSTAUS_undef11.en,0.06 0.005 0.148 0.122 0.164 0.043 0.038 0.05 0.016 0.025 0.027 0.038 0.012 0.014 0.17 0 0.002 0.057 0.002 0.006 
English/CSTAUS_undef12.en,0.036 0.004 0.164 0.099 0.111 0.034 0.072 0.029 0.031 0.028 0.044 0.007 0.036 0.01 0.172 0 0.011 0.092 0.001 0.018 
English/CSTAUS_undef1.en,0.055 0.006 0.151 0.125 0.11 0.121 0.032 0.039 0.026 0.043 0.027 0.036 0.003 0.026 0.138 0 0.001 0.035 0.01 0.017 
English/CSTAUS_undef2.en,0.049 0.016 0.153 0.124 0.147 0.075 0.024 0.042 0.018 0.019 0.033 0.047 0.007 0.01 0.153 0 0.02 0.035 0.014 0.014 
English/CSTAUS_undef3.en,0.046 0.028 0.121 0.131 0.182 0.038 0.036 0.042 0.022 0.028 0.03 0.028 0.001 0.01 0.187 0 0.004 0.042 0.021 0.003 
English/CSTAUS_undef4.en,0.059 0.031 0.172 0.129 0.129 0.079 0.012 0.037 0.026 0.022 0.033 0.037 0.001 0.026 0.161 0 0.001 0.032 0 0.013 
English/CSTAUS_undef5.en,0.049 0.025 0.165 0.133 0.139 0.047 0.023 0.037 0.018 0.012 0.052 0.035 0 0.018 0.184 0 0.001 0.03 0.021 0.01 
English/CSTAUS_undef6.en,0.032 0.003 0.156 0.109 0.114 0.078 0.038 0.06 0.048 0.023 0.059 0.021 0 0.031 0.123 0 0.008 0.069 0.019 0.008 
English/CSTAUS_undef7.en,0.041 0.008 0.177 0.123 0.139 0.063 0.033 0.045 0.036 0.011 0.03 0.011 0.007 0.022 0.155 0 0.004 0.088 0.002 0.006 
English/CSTAUS_undef8.en,0.034 0.004 0.165 0.145 0.152 0.052 0.033 0.038 0.025 0.026 0.047 0.028 0.006 0.013 0.165 0 0.009 0.05 0.001 0.007 
English/CSTAUS_undef9.en,0.031 0.011 0.164 0.133 0.14 0.029 0.031 0.029 0.027 0.038 0.039 0.028 0.008 0.014 0.217 0 0.012 0.041 0 0.007 
English/D_CKTAUS_electronics1.en,0.045 0 0.02 0.227 0.149 0.006 0.001 0 0.028 0 0 0.474 0 0 0.024 0 0.009 0.007 0 0.01 
English/D_CKTAUS_finance1.en,0.013 0.002 0.123 0.122 0.022 0.006 0.026 0.002 0.001 0.002 0.012 0.548 0.007 0 0.103 0 0.002 0.008 0 0.001 
English/D_CKTAUS_hardware1.en,0.017 0 0.07 0.163 0.067 0.009 0.019 0.008 0.007 0.059 0.016 0.476 0.006 0.005 0.062 0 0.005 0.007 0 0.003 
English/D_CKTAUS_industrial1.en,0.016 0.01 0.032 0.149 0.081 0.016 0.011 0.017 0.009 0.045 0.018 0.498 0.023 0 0.034 0 0.037 0.003 0 0.002 
English/D_CKTAUS_legal1.en,0.009 0.002 0.112 0.159 0.028 0.003 0.03 0.002 0.002 0.005 0.014 0.519 0.019 0.001 0.089 0 0.005 0.002 0 0 
English/D_CKTAUS_pharma1.en,0.008 0.001 0.05 0.095 0.062 0.005 0.009 0.011 0.004 0.014 0.019 0.59 0.005 0.062 0.043 0 0.009 0 0 0.011 
English/D_CKTAUS_software1.en,0.01 0.007 0.054 0.118 0.042 0.038 0.008 0.02 0.007 0.009 0.016 0.554 0.003 0.032 0.045 0 0.008 0.009 0.011 0.008 
English/D_CKTAUS_undef1.en,0.018 0.003 0.069 0.128 0.026 0.02 0.023 0.012 0.007 0.013 0.021 0.535 0.006 0.02 0.056 0 0.008 0.031 0.001 0.004 
English/D_CSTAUS_business1.en,0.023 0.004 0.073 0.13 0.086 0.01 0.012 0.042 0.004 0.004 0.006 0.49 0 0.004 0.098 0 0.005 0.01 0 0 
English/D_CSTAUS_electronics1.en,0.02 0.004 0.05 0.112 0.045 0.014 0.014 0.068 0.005 0.024 0.025 0.525 0.03 0.013 0.037 0 0.004 0.005 0 0.005 
English/D_CSTAUS_hardware1.en,0.017 0.001 0.071 0.16 0.061 0.02 0.011 0.029 0.019 0.05 0.02 0.45 0.006 0.005 0.047 0 0.003 0.004 0 0.027 
English/D_CSTAUS_industrial1.en,0.037 0.007 0.082 0.137 0.072 0.027 0.007 0.017 0.019 0.016 0.015 0.459 0.004 0.007 0.042 0 0.008 0.005 0 0.04 
English/D_CSTAUS_leisure1.en,0.02 0.038 0.046 0.093 0.026 0.017 0.012 0.022 0.003 0.003 0.012 0.589 0.005 0.027 0.055 0 0.01 0.015 0.003 0.003 
English/D_CSTAUS_software1.en,0.026 0.001 0.056 0.192 0.068 0.011 0.008 0.025 0.016 0.011 0.006 0.492 0.009 0.004 0.048 0 0.004 0.004 0 0.021 
English/D_CSTAUS_undef1.en,0.025 0.001 0.08 0.138 0.059 0.067 0.016 0.018 0.012 0.018 0.011 0.447 0.002 0.009 0.063 0 0 0.019 0.004 0.009 
Dutch/CKTAUS_electronics1.nl,0.159 0.001 0.166 0.065 0.231 0.115 0 0.041 0.018 0 0.001 0.028 0.01 0.018 0.031 0 0.006 0.104 0.003 0.004 
Dutch/CKTAUS_finance10.nl,0.02 0.029 0.499 0.049 0.055 0.091 0.001 0.016 0.003 0.002 0.014 0.041 0.004 0.053 0.061 0 0 0.046 0.005 0.009 
Dutch/CKTAUS_finance11.nl,0.019 0.022 0.508 0.051 0.055 0.081 0.001 0.021 0.004 0.004 0.014 0.04 0.004 0.051 0.063 0 0.001 0.048 0.005 0.008 
Dutch/CKTAUS_finance12.nl,0.021 0.026 0.485 0.05 0.049 0.095 0.002 0.022 0.004 0.004 0.012 0.039 0.004 0.053 0.062 0 0 0.059 0.005 0.007 
Dutch/CKTAUS_finance13.nl,0.037 0.024 0.482 0.051 0.056 0.096 0.002 0.017 0.005 0.003 0.016 0.038 0.003 0.052 0.056 0 0.001 0.047 0.004 0.009 
Dutch/CKTAUS_finance14.nl,0.028 0.02 0.486 0.05 0.059 0.08 0.003 0.019 0.005 0.005 0.018 0.04 0.004 0.06 0.058 0 0 0.049 0.007 0.008 
Dutch/CKTAUS_finance15.nl,0.029 0.019 0.498 0.051 0.053 0.087 0.003 0.016 0.003 0.003 0.016 0.042 0.003 0.052 0.058 0 0.002 0.047 0.008 0.008 
Dutch/CKTAUS_finance16.nl,0.021 0.024 0.49 0.049 0.058 0.09 0 0.018 0.006 0.005 0.022 0.041 0.003 0.049 0.057 0 0.002 0.052 0.005 0.009 
Dutch/CKTAUS_finance17.nl,0.024 0.02 0.464 0.056 0.054 0.084 0.001 0.017 0.003 0.002 0.016 0.057 0.003 0.071 0.06 0 0.001 0.05 0.005 0.012 
Dutch/CKTAUS_finance18.nl,0.02 0.02 0.485 0.048 0.051 0.083 0.002 0.02 0.002 0.001 0.017 0.058 0.002 0.064 0.061 0 0.001 0.051 0.004 0.009 
Dutch/CKTAUS_finance19.nl,0.025 0.019 0.476 0.051 0.057 0.089 0.002 0.018 0.004 0.003 0.014 0.054 0.004 0.063 0.053 0 0.001 0.05 0.007 0.01 
Dutch/CKTAUS_finance1.nl,0.025 0.024 0.46 0.05 0.053 0.091 0.001 0.017 0.004 0.003 0.018 0.063 0.004 0.058 0.062 0 0.002 0.051 0.004 0.01 
Dutch/CKTAUS_finance20.nl,0.024 0.022 0.48 0.047 0.054 0.08 0.001 0.019 0.001 0.003 0.017 0.06 0.004 0.06 0.057 0 0 0.056 0.006 0.008 
Dutch/CKTAUS_finance21.nl,0.021 0.022 0.471 0.05 0.062 0.097 0 0.019 0.004 0.002 0.015 0.058 0.002 0.057 0.059 0 0.002 0.045 0.007 0.009 
Dutch/CKTAUS_finance2.nl,0.021 0.023 0.492 0.05 0.054 0.087 0.001 0.02 0.002 0.003 0.019 0.053 0.002 0.054 0.056 0 0.001 0.047 0.001 0.012 
Dutch/CKTAUS_finance3.nl,0.026 0.02 0.479 0.05 0.053 0.087 0.001 0.02 0.007 0.001 0.013 0.055 0.001 0.061 0.057 0 0.002 0.052 0.006 0.009 
Dutch/CKTAUS_finance4.nl,0.022 0.024 0.484 0.048 0.058 0.083 0.001 0.02 0.004 0.003 0.014 0.052 0.002 0.062 0.055 0 0.002 0.049 0.007 0.008 
Dutch/CKTAUS_finance5.nl,0.024 0.021 0.469 0.051 0.058 0.087 0.002 0.022 0.003 0.002 0.017 0.062 0.004 0.059 0.053 0 0.002 0.051 0.006 0.009 
Dutch/CKTAUS_finance6.nl,0.021 0.02 0.472 0.044 0.057 0.098 0.002 0.021 0.004 0.004 0.017 0.049 0.003 0.07 0.055 0 0.001 0.048 0.006 0.008 
Dutch/CKTAUS_finance7.nl,0.022 0.021 0.473 0.048 0.06 0.078 0.001 0.02 0.005 0.003 0.019 0.052 0.002 0.075 0.059 0 0 0.046 0.005 0.009 
Dutch/CKTAUS_finance8.nl,0.018 0.021 0.483 0.047 0.047 0.086 0.001 0.022 0.003 0.002 0.017 0.048 0.002 0.077 0.058 0 0.002 0.052 0.005 0.009 
Dutch/CKTAUS_finance9.nl,0.025 0.018 0.469 0.045 0.057 0.09 0 0.018 0.005 0.002 0.015 0.053 0.003 0.073 0.058 0 0.001 0.052 0.005 0.009 
Dutch/CKTAUS_hardware1.nl,0.048 0.013 0.132 0.026 0.111 0.04 0 0.037 0.017 0 0.014 0.056 0.003 0.365 0.008 0 0 0.126 0 0.003 
Dutch/CKTAUS_industrial1.nl,0.088 0.006 0.12 0.01 0.186 0.069 0 0.038 0.03 0 0.02 0.069 0.008 0.253 0.004 0 0.002 0.065 0.023 0.008 
Dutch/CKTAUS_industrial2.nl,0.082 0.005 0.111 0.007 0.193 0.08 0 0.034 0.022 0 0.033 0.076 0.006 0.234 0.01 0 0 0.074 0.026 0.006 
Dutch/CKTAUS_industrial3.nl,0.078 0.007 0.101 0.006 0.197 0.079 0 0.029 0.033 0 0.032 0.091 0.004 0.225 0.007 0 0 0.079 0.023 0.008 
Dutch/CKTAUS_industrial4.nl,0.086 0.007 0.144 0.013 0.157 0.082 0 0.049 0.027 0 0.03 0.055 0.012 0.222 0.007 0 0.002 0.076 0.023 0.008 
Dutch/CKTAUS_industrial5.nl,0.119 0.019 0.12 0.031 0.169 0.087 0 0.035 0.022 0 0.021 0.034 0.002 0.227 0.011 0.001 0 0.087 0.013 0.002 
Dutch/CKTAUS_legal10.nl,0.05 0.026 0.427 0.018 0.072 0.046 0.003 0.019 0.003 0 0.039 0.078 0.003 0.073 0.055 0 0.001 0.036 0.024 0.026 
Dutch/CKTAUS_legal11.nl,0.039 0.012 0.468 0.026 0.056 0.052 0 0.019 0.011 0 0.027 0.043 0.002 0.094 0.068 0 0.001 0.041 0.028 0.012 
Dutch/CKTAUS_legal12.nl,0.031 0.017 0.446 0.025 0.072 0.061 0 0.032 0.001 0 0.028 0.047 0.002 0.092 0.055 0 0.001 0.046 0.024 0.018 
Dutch/CKTAUS_legal13.nl,0.053 0.013 0.346 0.04 0.063 0.124 0 0.031 0.005 0 0.016 0.046 0.01 0.08 0.084 0 0.015 0.039 0.024 0.011 
Dutch/CKTAUS_legal14.nl,0.032 0.001 0.377 0.041 0.063 0.147 0 0.031 0.002 0 0.015 0.064 0.002 0.082 0.06 0 0.008 0.051 0.013 0.009 
Dutch/CKTAUS_legal15.nl,0.03 0.013 0.359 0.041 0.087 0.107 0.001 0.054 0.005 0 0.026 0.048 0.005 0.086 0.069 0 0 0.058 0.007 0.005 
Dutch/CKTAUS_legal16.nl,0.02 0.008 0.322 0.045 0.059 0.153 0 0.041 0.008 0 0.03 0.056 0.038 0.081 0.033 0 0.011 0.066 0.013 0.016 
Dutch/CKTAUS_legal17.nl,0.027 0.015 0.353 0.048 0.081 0.116 0 0.027 0.009 0 0.026 0.064 0.022 0.084 0.046 0 0.011 0.046 0.009 0.017 
Dutch/CKTAUS_legal18.nl,0.04 0.016 0.448 0.027 0.064 0.07 0.001 0.023 0.001 0 0.029 0.05 0.002 0.09 0.056 0 0.003 0.049 0.013 0.018 
Dutch/CKTAUS_legal19.nl,0.04 0.011 0.413 0.033 0.068 0.093 0 0.058 0.004 0 0.019 0.052 0.004 0.066 0.06 0 0.002 0.057 0.004 0.015 
Dutch/CKTAUS_legal1.nl,0.022 0.018 0.376 0.035 0.119 0.058 0 0.065 0.001 0 0.016 0.039 0.004 0.092 0.09 0 0.002 0.037 0.008 0.019 
Dutch/CKTAUS_legal20.nl,0.033 0.01 0.397 0.035 0.111 0.077 0.001 0.038 0.002 0 0.015 0.059 0.001 0.089 0.048 0 0.003 0.051 0.005 0.027 
Dutch/CKTAUS_legal21.nl,0.033 0.02 0.411 0.055 0.056 0.066 0.008 0.078 0.005 0 0.025 0.052 0 0.079 0.051 0 0.001 0.044 0.004 0.013 
Dutch/CKTAUS_legal2.nl,0.049 0.014 0.384 0.035 0.077 0.07 0 0.063 0.01 0 0.024 0.067 0.006 0.074 0.049 0 0.004 0.047 0.01 0.016 
Dutch/CKTAUS_legal3.nl,0.031 0.017 0.289 0.034 0.064 0.111 0 0.087 0.002 0 0.01 0.055 0.011 0.139 0.075 0 0.008 0.052 0.003 0.01 
Dutch/CKTAUS_legal4.nl,0.016 0.003 0.151 0.007 0.04 0.106 0 0.142 0.02 0 0.005 0.056 0.05 0.145 0.16 0 0.056 0.044 0 0 
Dutch/CKTAUS_legal5.nl,0.031 0.022 0.338 0.019 0.1 0.082 0 0.09 0.004 0 0.007 0.043 0.006 0.122 0.061 0 0.009 0.041 0.005 0.02 
Dutch/CKTAUS_legal6.nl,0.03 0.011 0.441 0.036 0.059 0.094 0 0.049 0.002 0 0.019 0.056 0.001 0.069 0.042 0 0 0.046 0.01 0.035 
Dutch/CKTAUS_legal7.nl,0.051 0.013 0.392 0.039 0.062 0.087 0 0.046 0.002 0 0.023 0.042 0.003 0.095 0.07 0 0.004 0.051 0.002 0.019 
Dutch/CKTAUS_legal8.nl,0.04 0.015 0.437 0.025 0.077 0.069 0 0.034 0.002 0 0.024 0.04 0.006 0.099 0.052 0 0 0.045 0.016 0.021 
Dutch/CKTAUS_legal9.nl,0.032 0.012 0.378 0.035 0.077 0.108 0 0.04 0.014 0 0.026 0.072 0.004 0.08 0.043 0 0.011 0.043 0.012 0.013 
Dutch/CKTAUS_pharma10.nl,0.02 0.021 0.204 0.038 0.08 0.125 0 0.263 0.007 0.012 0.003 0.041 0.001 0.048 0.014 0 0 0.058 0.005 0.06 
Dutch/CKTAUS_pharma11.nl,0.038 0.025 0.227 0.042 0.07 0.149 0 0.122 0.004 0.007 0.005 0.06 0 0.054 0.051 0 0.002 0.071 0.03 0.043 
Dutch/CKTAUS_pharma12.nl,0.02 0.015 0.229 0.04 0.078 0.06 0 0.154 0.163 0.007 0.004 0.069 0.001 0.038 0.024 0 0.011 0.054 0.008 0.028 
Dutch/CKTAUS_pharma13.nl,0.057 0.071 0.246 0.044 0.098 0.056 0 0.145 0.025 0.007 0.012 0.067 0.002 0.036 0.021 0.001 0.008 0.064 0 0.041 
Dutch/CKTAUS_pharma14.nl,0.07 0.037 0.219 0.093 0.145 0.076 0 0.127 0.031 0.011 0.008 0.05 0.002 0.034 0.011 0 0.006 0.04 0.008 0.033 
Dutch/CKTAUS_pharma15.nl,0.054 0.033 0.193 0.063 0.129 0.061 0 0.147 0.031 0.006 0.008 0.05 0 0.032 0.03 0 0.089 0.033 0.006 0.036 
Dutch/CKTAUS_pharma16.nl,0.045 0.035 0.199 0.098 0.128 0.049 0 0.168 0.028 0.01 0.024 0.027 0.01 0.03 0.027 0 0.022 0.073 0 0.026 
Dutch/CKTAUS_pharma17.nl,0.031 0.022 0.318 0.062 0.08 0.091 0 0.151 0.025 0.013 0.007 0.052 0.017 0.023 0.036 0 0.009 0.039 0 0.023 
Dutch/CKTAUS_pharma18.nl,0.032 0.019 0.318 0.039 0.049 0.079 0.008 0.123 0.012 0.004 0.036 0.043 0.004 0.038 0.076 0.001 0.008 0.082 0.003 0.026 
Dutch/CKTAUS_pharma19.nl,0.043 0.017 0.253 0.045 0.084 0.045 0.006 0.122 0.025 0.004 0.008 0.024 0.002 0.035 0.144 0 0.015 0.105 0 0.025 
Dutch/CKTAUS_pharma1.nl,0.027 0.016 0.219 0.052 0.061 0.066 0.001 0.146 0.039 0.104 0.003 0.04 0.004 0.041 0.09 0 0.005 0.048 0 0.038 
Dutch/CKTAUS_pharma20.nl,0.025 0.036 0.368 0.047 0.084 0.063 0.005 0.099 0.02 0.02 0.01 0.036 0.002 0.037 0.071 0 0.009 0.05 0.004 0.017 
Dutch/CKTAUS_pharma21.nl,0.039 0.019 0.344 0.055 0.062 0.059 0.002 0.13 0.026 0.015 0.008 0.036 0.009 0.043 0.087 0 0.001 0.051 0.002 0.013 
Dutch/CKTAUS_pharma2.nl,0.024 0.026 0.298 0.035 0.086 0.047 0.008 0.119 0.015 0.01 0.024 0.051 0.011 0.037 0.113 0 0 0.06 0.002 0.035 
Dutch/CKTAUS_pharma3.nl,0.04 0.015 0.309 0.087 0.075 0.087 0 0.147 0.011 0.011 0.002 0.028 0.012 0.046 0.063 0 0.003 0.029 0.003 0.031 
Dutch/CKTAUS_pharma4.nl,0.026 0.015 0.314 0.044 0.064 0.067 0.004 0.12 0.009 0.006 0.003 0.034 0.01 0.065 0.112 0 0.003 0.071 0.008 0.025 
Dutch/CKTAUS_pharma5.nl,0.027 0.018 0.279 0.055 0.067 0.118 0.006 0.136 0.021 0.007 0.007 0.041 0.001 0.041 0.084 0.001 0.004 0.055 0.005 0.029 
Dutch/CKTAUS_pharma6.nl,0.035 0.032 0.288 0.037 0.05 0.095 0.004 0.145 0.012 0.003 0.005 0.063 0.002 0.024 0.111 0 0.002 0.045 0.01 0.039 
Dutch/CKTAUS_pharma7.nl,0.035 0.021 0.338 0.031 0.069 0.084 0.001 0.103 0.029 0.012 0.002 0.031 0.008 0.031 0.101 0 0.004 0.067 0.006 0.029 
Dutch/CKTAUS_pharma8.nl,0.028 0.02 0.306 0.049 0.065 0.077 0.04 0.125 0.028 0.005 0.01 0.042 0.006 0.036 0.069 0 0 0.071 0.001 0.023 
Dutch/CKTAUS_pharma9.nl,0.03 0.027 0.233 0.037 0.086 0.097 0.028 0.182 0.015 0.005 0.003 0.03 0.004 0.05 0.074 0 0.006 0.076 0 0.018 
Dutch/CKTAUS_software10.nl,0.028 0.022 0.291 0.054 0.075 0.076 0.019 0.121 0.021 0.01 0.011 0.038 0.01 0.037 0.093 0 0.011 0.053 0.006 0.022 
Dutch/CKTAUS_software11.nl,0.028 0.02 0.292 0.055 0.07 0.083 0.019 0.119 0.017 0.012 0.007 0.044 0.009 0.033 0.094 0 0.007 0.063 0.007 0.022 
Dutch/CKTAUS_software12.nl,0.031 0.019 0.292 0.064 0.067 0.072 0.021 0.123 0.02 0.009 0.007 0.046 0.007 0.034 0.101 0 0.007 0.051 0.006 0.023 
Dutch/CKTAUS_software13.nl,0.027 0.021 0.288 0.055 0.067 0.084 0.019 0.116 0.026 0.009 0.01 0.042 0.008 0.04 0.093 0 0.004 0.06 0.006 0.026 
Dutch/CKTAUS_software14.nl,0.033 0.028 0.293 0.056 0.066 0.069 0.018 0.118 0.018 0.011 0.008 0.04 0.01 0.035 0.097 0 0.012 0.062 0.006 0.021 
Dutch/CKTAUS_software1.nl,0.065 0.015 0.283 0.061 0.095 0.067 0.018 0.075 0.014 0.008 0.029 0.036 0.007 0.055 0.087 0 0.004 0.069 0.001 0.01 
Dutch/CKTAUS_software2.nl,0.033 0.025 0.294 0.056 0.072 0.075 0.014 0.115 0.022 0.008 0.012 0.043 0.007 0.039 0.088 0 0.009 0.058 0.008 0.02 
Dutch/CKTAUS_software3.nl,0.031 0.023 0.287 0.054 0.072 0.078 0.013 0.115 0.026 0.008 0.008 0.04 0.013 0.033 0.101 0 0.009 0.059 0.004 0.023 
Dutch/CKTAUS_software4.nl,0.038 0.024 0.292 0.05 0.072 0.072 0.02 0.121 0.024 0.007 0.009 0.041 0.01 0.033 0.101 0 0.007 0.052 0.004 0.023 
Dutch/CKTAUS_software5.nl,0.033 0.021 0.289 0.056 0.062 0.077 0.015 0.131 0.019 0.008 0.009 0.043 0.011 0.041 0.096 0 0.01 0.054 0.006 0.019 
Dutch/CKTAUS_software6.nl,0.031 0.021 0.28 0.055 0.069 0.08 0.014 0.128 0.02 0.013 0.007 0.039 0.007 0.037 0.102 0 0.011 0.06 0.005 0.021 
Dutch/CKTAUS_software7.nl,0.032 0.019 0.301 0.05 0.07 0.081 0.021 0.126 0.017 0.01 0.011 0.042 0.011 0.034 0.083 0 0.011 0.049 0.006 0.025 
Dutch/CKTAUS_software8.nl,0.028 0.02 0.296 0.058 0.074 0.07 0.019 0.122 0.024 0.009 0.011 0.041 0.008 0.036 0.091 0 0.009 0.053 0.007 0.027 
Dutch/CKTAUS_software9.nl,0.033 0.021 0.292 0.058 0.074 0.068 0.017 0.129 0.024 0.013 0.009 0.036 0.005 0.036 0.087 0 0.01 0.06 0.006 0.022 
Dutch/CKTAUS_undef1.nl,0.063 0.011 0.255 0.069 0.12 0.063 0.008 0.082 0.005 0.009 0.012 0.031 0.002 0.105 0.074 0 0.001 0.065 0.019 0.006 
Dutch/CKTAUS_undef2.nl,0.037 0.012 0.489 0.03 0.056 0.047 0.006 0.04 0 0.001 0.017 0.033 0.009 0.098 0.058 0 0 0.051 0.004 0.011 
Dutch/CKTAUS_undef3.nl,0.027 0.012 0.531 0.02 0.062 0.047 0.004 0.03 0.001 0 0.017 0.034 0.013 0.085 0.049 0 0 0.046 0.005 0.015 
Dutch/CKTAUS_undef4.nl,0.03 0.014 0.533 0.021 0.066 0.048 0.005 0.036 0 0.002 0.016 0.03 0.012 0.078 0.05 0 0 0.043 0.006 0.011 
Dutch/CKTAUS_undef5.nl,0.041 0.016 0.296 0.077 0.067 0.052 0.019 0.04 0.004 0.006 0.041 0.035 0.033 0.099 0.082 0 0 0.073 0.011 0.008 
Dutch/CKTAUS_undef6.nl,0.036 0.024 0.284 0.043 0.075 0.06 0.012 0.083 0.01 0 0.057 0.029 0.016 0.113 0.083 0 0 0.066 0.004 0.003 
Dutch/CSTAUS_business10.nl,0.044 0.029 0.302 0.049 0.125 0.042 0.026 0.038 0.012 0 0.015 0.026 0.023 0.089 0.088 0 0.006 0.081 0 0.003 
Dutch/CSTAUS_business11.nl,0.047 0.017 0.299 0.054 0.124 0.049 0.036 0.033 0.009 0.004 0.015 0.019 0.024 0.099 0.06 0 0.005 0.096 0.01 0 
Dutch/CSTAUS_business12.nl,0.069 0.021 0.314 0.046 0.121 0.042 0.024 0.034 0.006 0.009 0.022 0.046 0.013 0.082 0.074 0 0.007 0.063 0.007 0 
Dutch/CSTAUS_business13.nl,0.038 0.027 0.338 0.048 0.103 0.041 0.021 0.028 0.001 0.002 0.021 0.032 0.015 0.1 0.081 0 0.008 0.094 0.002 0 
Dutch/CSTAUS_business14.nl,0.045 0.025 0.297 0.058 0.105 0.05 0.021 0.028 0.005 0 0.021 0.037 0.019 0.114 0.074 0 0.004 0.097 0 0 
Dutch/CSTAUS_business15.nl,0.037 0.024 0.29 0.064 0.121 0.053 0.015 0.033 0.009 0.005 0.017 0.024 0.023 0.112 0.07 0 0.01 0.08 0.014 0 
Dutch/CSTAUS_business16.nl,0.068 0.018 0.291 0.056 0.118 0.041 0.017 0.037 0.001 0 0.024 0.042 0.012 0.096 0.091 0 0.006 0.083 0 0 
Dutch/CSTAUS_business17.nl,0.046 0.028 0.305 0.06 0.139 0.044 0.026 0.025 0.007 0 0.018 0.044 0.018 0.099 0.053 0 0.005 0.083 0.001 0 
Dutch/CSTAUS_business18.nl,0.041 0.018 0.3 0.062 0.112 0.053 0.023 0.035 0.008 0.005 0.02 0.037 0.013 0.104 0.057 0 0.002 0.104 0.004 0.001 
Dutch/CSTAUS_business19.nl,0.051 0.02 0.308 0.048 0.111 0.05 0.031 0.036 0.006 0 0.023 0.033 0.018 0.081 0.072 0 0.009 0.098 0.004 0.001 
Dutch/CSTAUS_business1.nl,0.038 0.009 0.311 0.046 0.111 0.049 0.025 0.033 0.001 0 0.031 0.042 0.03 0.076 0.07 0 0.014 0.109 0.003 0.001 
Dutch/CSTAUS_business20.nl,0.05 0.025 0.322 0.057 0.106 0.039 0.021 0.033 0.005 0 0.027 0.03 0.023 0.097 0.072 0 0.012 0.075 0.004 0.001 
Dutch/CSTAUS_business21.nl,0.061 0.022 0.302 0.036 0.112 0.035 0.034 0.027 0.008 0.007 0.023 0.041 0.027 0.101 0.076 0 0.006 0.081 0.001 0 
Dutch/CSTAUS_business2.nl,0.05 0.025 0.301 0.047 0.123 0.062 0.008 0.028 0.002 0.003 0.024 0.04 0.017 0.083 0.068 0 0.014 0.102 0.002 0.003 
Dutch/CSTAUS_business3.nl,0.044 0.044 0.309 0.059 0.138 0.036 0.009 0.041 0.003 0 0.013 0.033 0.02 0.086 0.079 0 0.007 0.074 0.003 0.001 
Dutch/CSTAUS_business4.nl,0.034 0.02 0.3 0.051 0.139 0.059 0.019 0.028 0.005 0.001 0.016 0.036 0.02 0.085 0.067 0 0.017 0.102 0.001 0.001 
Dutch/CSTAUS_business5.nl,0.038 0.027 0.288 0.042 0.162 0.054 0.022 0.021 0.003 0 0.027 0.032 0.009 0.079 0.09 0 0.016 0.089 0 0.001 
Dutch/CSTAUS_business6.nl,0.029 0.026 0.318 0.053 0.16 0.034 0.024 0.02 0.005 0 0.024 0.042 0.016 0.07 0.079 0 0.008 0.091 0 0.002 
Dutch/CSTAUS_business7.nl,0.057 0.026 0.302 0.046 0.131 0.04 0.019 0.024 0.005 0.001 0.026 0.034 0.016 0.101 0.075 0 0.002 0.093 0 0.001 
Dutch/CSTAUS_business8.nl,0.057 0.05 0.32 0.046 0.113 0.045 0.018 0.03 0.019 0 0.026 0.03 0.015 0.103 0.059 0 0.003 0.062 0.002 0.002 
Dutch/CSTAUS_business9.nl,0.051 0.032 0.303 0.047 0.113 0.042 0.027 0.024 0.012 0.003 0.022 0.033 0.022 0.113 0.059 0 0.013 0.083 0.001 0.001 
Dutch/CSTAUS_electronics1.nl,0.041 0.005 0.295 0.029 0.097 0.076 0.042 0.053 0 0 0.024 0.034 0.013 0.074 0.087 0 0.023 0.087 0.015 0.005 
Dutch/CSTAUS_electronics2.nl,0.058 0.004 0.253 0.028 0.101 0.079 0.036 0.067 0 0 0.023 0.04 0.009 0.104 0.072 0 0.018 0.085 0.014 0.008 
Dutch/CSTAUS_electronics3.nl,0.066 0.003 0.249 0.032 0.114 0.064 0.022 0.04 0.01 0 0.018 0.064 0.015 0.087 0.092 0 0.003 0.094 0.013 0.015 
Dutch/CSTAUS_hardware10.nl,0.044 0.012 0.249 0.048 0.089 0.06 0.027 0.044 0.012 0.005 0.016 0.043 0.006 0.198 0.072 0 0.001 0.062 0 0.011 
Dutch/CSTAUS_hardware11.nl,0.04 0.011 0.226 0.048 0.105 0.052 0.023 0.051 0.009 0.007 0.018 0.052 0.007 0.198 0.081 0 0.001 0.067 0.002 0.003 
Dutch/CSTAUS_hardware12.nl,0.035 0.017 0.227 0.06 0.125 0.065 0.015 0.043 0.007 0 0.015 0.047 0.012 0.18 0.049 0 0 0.099 0 0.002 
Dutch/CSTAUS_hardware13.nl,0.054 0.015 0.249 0.052 0.097 0.055 0.024 0.037 0.012 0.006 0.012 0.036 0.015 0.201 0.079 0 0 0.047 0.003 0.005 
Dutch/CSTAUS_hardware14.nl,0.061 0.018 0.226 0.041 0.102 0.056 0.028 0.035 0.009 0.009 0.022 0.045 0.011 0.207 0.072 0 0 0.049 0.006 0.002 
Dutch/CSTAUS_hardware15.nl,0.041 0.014 0.248 0.043 0.098 0.056 0.023 0.033 0.018 0.008 0.021 0.06 0.013 0.19 0.078 0.001 0.005 0.042 0 0.008 
Dutch/CSTAUS_hardware16.nl,0.048 0.016 0.218 0.049 0.113 0.053 0.018 0.051 0.008 0.005 0.021 0.044 0.008 0.173 0.078 0 0.006 0.079 0.007 0.006 
Dutch/CSTAUS_hardware17.nl,0.059 0.012 0.253 0.048 0.119 0.044 0.024 0.058 0.011 0.008 0.019 0.047 0.013 0.147 0.064 0 0.002 0.066 0.005 0.002 
Dutch/CSTAUS_hardware18.nl,0.039 0.016 0.226 0.049 0.1 0.054 0.033 0.054 0.013 0.014 0.023 0.048 0.01 0.161 0.076 0.001 0.005 0.065 0.003 0.008 
Dutch/CSTAUS_hardware19.nl,0.052 0.011 0.23 0.053 0.097 0.056 0.018 0.048 0.007 0.013 0.021 0.056 0.004 0.19 0.06 0 0.003 0.062 0.01 0.008 
Dutch/CSTAUS_hardware1.nl,0.042 0.008 0.216 0.049 0.088 0.054 0.02 0.05 0.01 0.011 0.015 0.029 0.007 0.239 0.069 0.001 0.003 0.086 0.001 0.003 
Dutch/CSTAUS_hardware20.nl,0.045 0.016 0.246 0.043 0.103 0.06 0.018 0.051 0.008 0.012 0.017 0.046 0.007 0.186 0.065 0 0.004 0.066 0.002 0.003 
Dutch/CSTAUS_hardware21.nl,0.033 0.019 0.247 0.038 0.094 0.063 0.025 0.048 0.021 0.01 0.017 0.034 0.01 0.221 0.067 0 0 0.05 0.001 0.002 
Dutch/CSTAUS_hardware2.nl,0.054 0.009 0.259 0.039 0.103 0.061 0.027 0.05 0.009 0.01 0.021 0.034 0.008 0.177 0.068 0 0.001 0.059 0.003 0.008 
Dutch/CSTAUS_hardware3.nl,0.047 0.008 0.241 0.052 0.097 0.054 0.029 0.043 0.013 0.01 0.023 0.032 0.006 0.19 0.082 0.001 0.004 0.062 0.004 0.005 
Dutch/CSTAUS_hardware4.nl,0.045 0.011 0.252 0.057 0.097 0.064 0.024 0.049 0.013 0.006 0.022 0.033 0.007 0.186 0.07 0 0 0.059 0.001 0.004 
Dutch/CSTAUS_hardware5.nl,0.05 0.014 0.233 0.047 0.128 0.058 0.026 0.045 0.011 0.007 0.02 0.035 0.007 0.186 0.061 0 0.004 0.065 0.001 0.003 
Dutch/CSTAUS_hardware6.nl,0.041 0.015 0.244 0.05 0.11 0.062 0.024 0.043 0.016 0.009 0.027 0.042 0.005 0.169 0.067 0 0.003 0.062 0.003 0.007 
Dutch/CSTAUS_hardware7.nl,0.052 0.018 0.228 0.039 0.091 0.068 0.025 0.039 0.012 0.015 0.015 0.04 0.007 0.217 0.078 0 0 0.046 0.002 0.007 
Dutch/CSTAUS_hardware8.nl,0.074 0.018 0.24 0.027 0.091 0.051 0.027 0.062 0.01 0.012 0.018 0.04 0.013 0.181 0.079 0.001 0 0.042 0.013 0.001 
Dutch/CSTAUS_hardware9.nl,0.032 0.015 0.247 0.043 0.102 0.05 0.033 0.034 0.009 0.016 0.014 0.048 0.01 0.209 0.064 0.001 0.008 0.06 0.001 0.006 
Dutch/CSTAUS_industrial1.nl,0.058 0.015 0.202 0.045 0.137 0.109 0.016 0.071 0.008 0.014 0.015 0.059 0.012 0.089 0.051 0 0.009 0.075 0.013 0.001 
Dutch/CSTAUS_industrial2.nl,0.062 0.005 0.195 0.05 0.17 0.113 0.017 0.064 0.014 0.009 0.014 0.047 0.018 0.063 0.043 0 0.006 0.097 0.012 0.002 
Dutch/CSTAUS_industrial3.nl,0.022 0.012 0.181 0.061 0.213 0.131 0.019 0.06 0.002 0.001 0.012 0.041 0.008 0.064 0.036 0 0.005 0.111 0.02 0.002 
Dutch/CSTAUS_leisure10.nl,0.085 0.026 0.193 0.131 0.056 0.042 0.036 0.086 0.006 0.018 0.036 0.042 0.023 0.068 0.076 0 0.011 0.061 0.004 0.002 
Dutch/CSTAUS_leisure11.nl,0.076 0.017 0.156 0.143 0.067 0.055 0.034 0.092 0.001 0.016 0.053 0.03 0.024 0.07 0.075 0 0.014 0.072 0.003 0.003 
Dutch/CSTAUS_leisure12.nl,0.077 0.015 0.17 0.138 0.057 0.039 0.033 0.091 0.002 0.027 0.057 0.036 0.03 0.065 0.08 0 0.008 0.069 0.001 0.003 
Dutch/CSTAUS_leisure13.nl,0.071 0.019 0.151 0.126 0.068 0.048 0.035 0.104 0 0.029 0.045 0.041 0.03 0.071 0.082 0 0.011 0.064 0.001 0.004 
Dutch/CSTAUS_leisure14.nl,0.079 0.002 0.162 0.135 0.065 0.045 0.032 0.095 0.002 0.025 0.053 0.036 0.021 0.073 0.077 0 0.013 0.084 0.003 0.001 
Dutch/CSTAUS_leisure15.nl,0.08 0.01 0.164 0.15 0.063 0.041 0.034 0.087 0 0.016 0.036 0.035 0.024 0.058 0.073 0 0.012 0.109 0 0.006 
Dutch/CSTAUS_leisure16.nl,0.082 0.011 0.158 0.146 0.058 0.04 0.031 0.083 0.001 0.018 0.044 0.032 0.025 0.065 0.077 0 0.007 0.12 0.001 0.004 
Dutch/CSTAUS_leisure17.nl,0.095 0.014 0.165 0.137 0.057 0.049 0.029 0.078 0.003 0.019 0.047 0.027 0.022 0.064 0.072 0 0.014 0.099 0.003 0.005 
Dutch/CSTAUS_leisure18.nl,0.106 0.013 0.167 0.135 0.058 0.038 0.032 0.085 0.003 0.021 0.043 0.031 0.023 0.065 0.065 0 0.013 0.093 0.005 0.004 
Dutch/CSTAUS_leisure19.nl,0.101 0.008 0.173 0.135 0.068 0.041 0.023 0.081 0.002 0.016 0.041 0.036 0.028 0.059 0.077 0 0.01 0.093 0.005 0.002 
Dutch/CSTAUS_leisure1.nl,0.128 0.015 0.159 0.123 0.058 0.038 0.03 0.087 0 0.02 0.045 0.035 0.024 0.068 0.067 0 0.006 0.094 0.002 0.002 
Dutch/CSTAUS_leisure20.nl,0.105 0.003 0.155 0.137 0.055 0.039 0.025 0.09 0.001 0.015 0.05 0.034 0.022 0.082 0.073 0 0.016 0.097 0.001 0.003 
Dutch/CSTAUS_leisure21.nl,0.11 0.002 0.161 0.126 0.049 0.038 0.029 0.093 0.003 0.02 0.052 0.031 0.026 0.065 0.071 0 0.014 0.1 0.005 0.005 
Dutch/CSTAUS_leisure2.nl,0.114 0.01 0.157 0.141 0.064 0.038 0.019 0.08 0 0.014 0.042 0.04 0.024 0.066 0.074 0 0.018 0.09 0.003 0.004 
Dutch/CSTAUS_leisure3.nl,0.11 0.016 0.138 0.135 0.061 0.046 0.028 0.092 0 0.017 0.048 0.036 0.02 0.062 0.081 0 0.013 0.094 0.003 0.001 
Dutch/CSTAUS_leisure4.nl,0.12 0.018 0.161 0.122 0.058 0.032 0.026 0.105 0.001 0.013 0.047 0.034 0.026 0.066 0.07 0 0.015 0.077 0.002 0.007 
Dutch/CSTAUS_leisure5.nl,0.115 0.003 0.165 0.124 0.059 0.042 0.024 0.099 0.003 0.009 0.042 0.035 0.023 0.065 0.077 0 0.012 0.094 0.001 0.008 
Dutch/CSTAUS_leisure6.nl,0.108 0.013 0.174 0.136 0.06 0.044 0.022 0.08 0.005 0.021 0.037 0.029 0.024 0.056 0.079 0 0.015 0.093 0.002 0 
Dutch/CSTAUS_leisure7.nl,0.1 0.014 0.164 0.132 0.058 0.047 0.033 0.084 0.002 0.018 0.054 0.031 0.027 0.061 0.071 0 0.006 0.089 0.002 0.005 
Dutch/CSTAUS_leisure8.nl,0.114 0.013 0.163 0.14 0.065 0.039 0.026 0.088 0.002 0.016 0.042 0.039 0.022 0.072 0.066 0 0.013 0.077 0.001 0.001 
Dutch/CSTAUS_leisure9.nl,0.113 0.009 0.156 0.144 0.056 0.047 0.029 0.095 0.004 0.023 0.035 0.033 0.018 0.071 0.068 0 0.008 0.086 0.001 0.002 
Dutch/CSTAUS_software10.nl,0.238 0.007 0.166 0.036 0.147 0.031 0.017 0.047 0 0.017 0.044 0.021 0.014 0.078 0.04 0.001 0.002 0.088 0.004 0.001 
Dutch/CSTAUS_software11.nl,0.171 0.019 0.203 0.028 0.123 0.067 0.006 0.053 0.009 0.006 0.016 0.018 0.024 0.122 0.043 0 0.002 0.058 0.033 0 
Dutch/CSTAUS_software12.nl,0.274 0.006 0.207 0.061 0.08 0.033 0.005 0.021 0.005 0.004 0.04 0.02 0.033 0.074 0.05 0 0 0.065 0.022 0.001 
Dutch/CSTAUS_software13.nl,0.234 0.005 0.208 0.03 0.112 0.027 0 0.022 0.015 0.023 0.088 0.027 0.004 0.089 0.029 0 0.004 0.057 0.025 0.002 
Dutch/CSTAUS_software14.nl,0.178 0.007 0.22 0.029 0.096 0.053 0.031 0.047 0.02 0.011 0.082 0.017 0.008 0.077 0.033 0 0 0.081 0.009 0 
Dutch/CSTAUS_software1.nl,0.08 0.026 0.164 0.026 0.11 0.048 0.09 0.044 0.01 0.017 0.078 0.037 0.014 0.125 0.04 0 0.004 0.08 0.003 0.004 
Dutch/CSTAUS_software2.nl,0.073 0.014 0.158 0.026 0.116 0.054 0.095 0.05 0.014 0.037 0.062 0.034 0.023 0.091 0.042 0 0.009 0.089 0.009 0.005 
Dutch/CSTAUS_software3.nl,0.097 0.018 0.16 0.03 0.099 0.034 0.072 0.042 0.009 0.039 0.093 0.05 0.027 0.103 0.028 0 0.003 0.071 0.019 0.007 
Dutch/CSTAUS_software4.nl,0.08 0.02 0.127 0.035 0.097 0.036 0.032 0.055 0.004 0.065 0.085 0.071 0.035 0.13 0.048 0 0 0.07 0.001 0.011 
Dutch/CSTAUS_software5.nl,0.117 0.014 0.153 0.039 0.121 0.043 0.061 0.052 0.009 0.05 0.083 0.035 0.024 0.08 0.041 0 0.005 0.065 0.008 0.002 
Dutch/CSTAUS_software6.nl,0.101 0.007 0.113 0.051 0.149 0.027 0.047 0.05 0.006 0.047 0.082 0.032 0.035 0.089 0.029 0 0 0.077 0.05 0.007 
Dutch/CSTAUS_software7.nl,0.081 0.017 0.129 0.038 0.142 0.044 0.049 0.07 0.004 0.047 0.057 0.047 0.019 0.104 0.038 0 0.004 0.1 0.004 0.007 
Dutch/CSTAUS_software8.nl,0.212 0.011 0.132 0.057 0.115 0.062 0.051 0.049 0.003 0.042 0.042 0.028 0.015 0.078 0.025 0 0.003 0.069 0.005 0.001 
Dutch/CSTAUS_software9.nl,0.226 0.016 0.179 0.055 0.136 0.048 0.032 0.04 0.001 0.007 0.044 0.021 0.011 0.057 0.059 0.001 0.004 0.054 0.005 0.004 
Dutch/CSTAUS_undef10.nl,0.043 0.015 0.214 0.032 0.107 0.071 0.02 0.065 0.016 0.001 0.058 0.039 0.035 0.104 0.06 0 0.004 0.113 0.002 0.002 
Dutch/CSTAUS_undef11.nl,0.043 0.031 0.212 0.039 0.079 0.072 0.017 0.06 0.022 0 0.061 0.043 0.049 0.104 0.063 0 0.006 0.097 0.002 0 
Dutch/CSTAUS_undef12.nl,0.017 0.074 0.221 0.055 0.099 0.061 0.002 0.058 0.014 0.006 0.057 0.021 0.039 0.083 0.09 0 0 0.102 0.001 0.001 
Dutch/CSTAUS_undef1.nl,0.045 0.015 0.215 0.045 0.072 0.072 0.027 0.032 0.025 0.042 0.059 0.057 0.098 0.069 0.078 0 0.003 0.044 0 0.002 
Dutch/CSTAUS_undef2.nl,0.056 0.011 0.207 0.052 0.126 0.07 0.012 0.03 0.007 0.029 0.051 0.052 0.06 0.075 0.05 0 0.018 0.079 0.012 0.003 
Dutch/CSTAUS_undef3.nl,0.04 0.029 0.22 0.052 0.121 0.07 0.012 0.035 0.021 0.008 0.047 0.035 0.047 0.096 0.067 0 0.016 0.082 0 0.003 
Dutch/CSTAUS_undef4.nl,0.059 0.012 0.233 0.028 0.096 0.049 0.011 0.085 0.004 0.009 0.037 0.035 0.057 0.073 0.059 0 0.003 0.106 0.036 0.006 
Dutch/CSTAUS_undef5.nl,0.073 0.023 0.205 0.039 0.119 0.065 0.008 0.057 0.007 0.021 0.052 0.035 0.066 0.067 0.051 0 0.023 0.08 0.007 0.004 
Dutch/CSTAUS_undef6.nl,0.043 0.011 0.203 0.046 0.079 0.065 0.016 0.047 0.005 0.018 0.06 0.04 0.099 0.107 0.066 0 0.002 0.085 0.002 0.005 
Dutch/CSTAUS_undef7.nl,0.029 0.03 0.22 0.076 0.068 0.079 0.027 0.033 0.003 0.011 0.076 0.027 0.038 0.086 0.074 0 0.011 0.101 0.006 0.005 
Dutch/CSTAUS_undef8.nl,0.041 0.032 0.229 0.043 0.09 0.061 0.028 0.042 0.009 0.003 0.077 0.044 0.038 0.079 0.082 0 0.005 0.083 0.009 0.006 
Dutch/CSTAUS_undef9.nl,0.051 0.019 0.257 0.039 0.129 0.057 0.013 0.025 0.008 0.009 0.059 0.04 0.027 0.089 0.06 0 0.01 0.102 0.004 0.003 
Dutch/D_CKTAUS_electronics1.nl,0.048 0 0.051 0.018 0.069 0.038 0 0.009 0.004 0 0 0.009 0.003 0.005 0.716 0 0.001 0.029 0.001 0 
Dutch/D_CKTAUS_finance1.nl,0.007 0.003 0.115 0.011 0.012 0.023 0 0.003 0 0 0.003 0.015 0.001 0.013 0.777 0 0 0.012 0.002 0.002 
Dutch/D_CKTAUS_hardware1.nl,0.013 0.004 0.041 0.003 0.034 0.013 0 0.009 0.005 0 0.003 0.017 0 0.137 0.68 0 0 0.039 0 0 
Dutch/D_CKTAUS_industrial1.nl,0.028 0.001 0.037 0.001 0.055 0.021 0 0.01 0.011 0 0.005 0.019 0.002 0.091 0.689 0 0 0.018 0.011 0.002 
Dutch/D_CKTAUS_legal1.nl,0.006 0.002 0.094 0.006 0.03 0.016 0 0.015 0 0 0.003 0.009 0.001 0.019 0.783 0 0 0.009 0.003 0.004 
Dutch/D_CKTAUS_pharma1.nl,0.006 0.004 0.057 0.011 0.015 0.02 0 0.038 0.011 0.02 0 0.011 0 0.007 0.779 0 0 0.011 0 0.009 
Dutch/D_CKTAUS_software1.nl,0.018 0.004 0.08 0.015 0.025 0.02 0.004 0.02 0.003 0.001 0.008 0.009 0.001 0.017 0.753 0 0 0.018 0 0.002 
Dutch/D_CKTAUS_undef1.nl,0.018 0.003 0.069 0.017 0.03 0.018 0.002 0.02 0 0.002 0.003 0.008 0 0.032 0.752 0 0 0.018 0.007 0.001 
Dutch/D_CSTAUS_business1.nl,0.012 0.001 0.101 0.011 0.036 0.016 0.007 0.008 0 0 0.008 0.011 0.009 0.028 0.711 0 0.003 0.034 0.002 0 
Dutch/D_CSTAUS_electronics1.nl,0.013 0.001 0.089 0.008 0.029 0.025 0.011 0.012 0 0 0.007 0.007 0.003 0.024 0.735 0 0.007 0.022 0.004 0.001 
Dutch/D_CSTAUS_hardware1.nl,0.015 0.003 0.077 0.017 0.032 0.019 0.006 0.015 0.003 0.003 0.005 0.01 0.002 0.103 0.657 0 0.001 0.032 0 0.001 
Dutch/D_CSTAUS_industrial1.nl,0.018 0.005 0.072 0.012 0.048 0.048 0.005 0.021 0.003 0.004 0.005 0.026 0.004 0.039 0.654 0 0.002 0.022 0.011 0 
Dutch/D_CSTAUS_leisure1.nl,0.045 0.006 0.045 0.036 0.015 0.011 0.009 0.025 0 0.005 0.015 0.009 0.007 0.026 0.717 0 0 0.028 0.002 0 
Dutch/D_CSTAUS_software1.nl,0.028 0.008 0.054 0.008 0.035 0.016 0.029 0.012 0.003 0.005 0.026 0.012 0.004 0.049 0.687 0 0.001 0.021 0.001 0.001 
Dutch/D_CSTAUS_undef1.nl,0.017 0.003 0.084 0.013 0.027 0.029 0.01 0.01 0.01 0.015 0.025 0.026 0.037 0.035 0.645 0 0.001 0.014 0 0.001 
