English/CKTAUS_electronics1.en,0.003 0.012 0.138 0.013 0 0.005 0.448 0.008 0.039 0 0.017 0 0.047 0.008 0 0 0.004 0.03 0.025 0 0.058 0 0 0 0 0.001 0 0 0.004 0.14 
English/CKTAUS_finance10.en,0.009 0 0.021 0.01 0 0.018 0.071 0.091 0.211 0 0.009 0.011 0.018 0.008 0 0.013 0.018 0.215 0.003 0 0.004 0 0.002 0.016 0 0 0 0.03 0.031 0.191 
English/CKTAUS_finance11.en,0.008 0.002 0.022 0.009 0 0.022 0.075 0.085 0.209 0 0.01 0.013 0.014 0.008 0 0.014 0.019 0.211 0.003 0 0.005 0 0.002 0.018 0 0 0 0.024 0.033 0.195 
English/CKTAUS_finance12.en,0.012 0.002 0.021 0.009 0 0.017 0.071 0.086 0.202 0 0.011 0.012 0.016 0.01 0 0.015 0.02 0.216 0.003 0 0.004 0 0.001 0.021 0 0 0 0.023 0.033 0.195 
English/CKTAUS_finance13.en,0.014 0 0.023 0.009 0 0.022 0.075 0.09 0.197 0 0.011 0.016 0.016 0.006 0 0.01 0.018 0.207 0.003 0 0.006 0 0.005 0.017 0 0 0 0.024 0.033 0.197 
English/CKTAUS_finance14.en,0.01 0.002 0.022 0.009 0 0.021 0.078 0.087 0.206 0 0.01 0.01 0.018 0.006 0 0.012 0.021 0.213 0.002 0 0.004 0 0.004 0.018 0 0 0 0.025 0.035 0.187 
English/CKTAUS_finance15.en,0.009 0.001 0.024 0.011 0 0.025 0.075 0.09 0.2 0.001 0.01 0.013 0.012 0.01 0 0.013 0.019 0.213 0.004 0 0.005 0 0.003 0.017 0 0.001 0 0.025 0.03 0.191 
English/CKTAUS_finance16.en,0.007 0.001 0.025 0.012 0 0.022 0.08 0.089 0.199 0.001 0.009 0.018 0.017 0.007 0 0.013 0.019 0.205 0.006 0 0.005 0 0.003 0.017 0 0 0 0.027 0.031 0.189 
English/CKTAUS_finance17.en,0.01 0.005 0.02 0.011 0 0.024 0.075 0.092 0.206 0.001 0.009 0.011 0.018 0.007 0 0.013 0.023 0.205 0.004 0 0.004 0 0.002 0.016 0 0 0 0.024 0.032 0.188 
English/CKTAUS_finance18.en,0.007 0.004 0.019 0.011 0 0.02 0.071 0.094 0.202 0 0.011 0.012 0.021 0.01 0 0.014 0.022 0.213 0.004 0 0.005 0 0.002 0.018 0 0.001 0 0.025 0.03 0.184 
English/CKTAUS_finance19.en,0.011 0.005 0.023 0.011 0 0.018 0.073 0.087 0.205 0 0.01 0.01 0.019 0.01 0 0.008 0.019 0.214 0.003 0 0.002 0 0.018 0.014 0 0.001 0 0.025 0.033 0.18 
English/CKTAUS_finance1.en,0.008 0.002 0.032 0.01 0 0.02 0.08 0.084 0.195 0.001 0.012 0.016 0.015 0.009 0 0.009 0.02 0.201 0.002 0 0.003 0 0.019 0.016 0 0 0 0.028 0.03 0.191 
English/CKTAUS_finance20.en,0.013 0.003 0.033 0.01 0 0.021 0.07 0.085 0.201 0.001 0.011 0.012 0.018 0.007 0 0.013 0.02 0.211 0.003 0 0.004 0 0.01 0.015 0 0 0 0.019 0.031 0.189 
English/CKTAUS_finance21.en,0.009 0.003 0.033 0.011 0 0.021 0.072 0.088 0.202 0 0.009 0.011 0.016 0.009 0 0.015 0.018 0.211 0.003 0 0.003 0 0.006 0.015 0 0 0 0.033 0.029 0.182 
English/CKTAUS_finance2.en,0.01 0.002 0.033 0.011 0 0.025 0.075 0.081 0.198 0 0.012 0.014 0.017 0.005 0 0.008 0.02 0.216 0.004 0 0.004 0 0.008 0.017 0 0 0 0.023 0.028 0.188 
English/CKTAUS_finance3.en,0.011 0.002 0.033 0.01 0 0.023 0.075 0.087 0.197 0 0.012 0.012 0.017 0.008 0 0.014 0.017 0.21 0.004 0 0.005 0 0.008 0.017 0 0 0 0.021 0.029 0.19 
English/CKTAUS_finance4.en,0.011 0.003 0.025 0.012 0 0.026 0.075 0.086 0.198 0 0.011 0.014 0.015 0.01 0 0.015 0.02 0.201 0.003 0 0.003 0 0.004 0.017 0 0 0 0.026 0.03 0.193 
English/CKTAUS_finance5.en,0.012 0.004 0.025 0.009 0 0.025 0.075 0.089 0.194 0.001 0.01 0.015 0.015 0.008 0 0.013 0.017 0.212 0.002 0 0.006 0 0.007 0.017 0 0 0 0.028 0.03 0.186 
English/CKTAUS_finance6.en,0.01 0.003 0.027 0.01 0 0.019 0.08 0.084 0.194 0 0.012 0.013 0.016 0.007 0 0.012 0.018 0.209 0.002 0 0.005 0 0.009 0.016 0 0 0 0.038 0.031 0.185 
English/CKTAUS_finance7.en,0.012 0.002 0.026 0.011 0 0.023 0.071 0.084 0.199 0.002 0.012 0.013 0.016 0.01 0 0.014 0.02 0.208 0.002 0 0.003 0 0.007 0.016 0 0 0 0.029 0.034 0.188 
English/CKTAUS_finance8.en,0.007 0.003 0.021 0.015 0 0.025 0.073 0.089 0.2 0 0.013 0.011 0.018 0.007 0 0.015 0.018 0.214 0.002 0 0.002 0 0.008 0.019 0 0 0 0.025 0.031 0.183 
English/CKTAUS_finance9.en,0.011 0.005 0.023 0.015 0 0.019 0.071 0.085 0.202 0 0.01 0.01 0.015 0.008 0 0.013 0.021 0.215 0.004 0 0.004 0 0.003 0.017 0 0 0 0.027 0.032 0.187 
English/CKTAUS_hardware1.en,0.045 0.009 0.039 0.089 0.005 0.019 0.198 0.037 0.1 0 0.015 0 0.03 0.001 0 0.056 0.04 0.102 0.005 0 0.008 0 0.013 0.026 0.02 0.003 0 0.013 0.013 0.114 
English/CKTAUS_industrial1.en,0.01 0.049 0.061 0.125 0 0.029 0.261 0.029 0.047 0.001 0.029 0.013 0.014 0.009 0.004 0.013 0.025 0.066 0.004 0.008 0.021 0 0.007 0.039 0 0 0 0.012 0.018 0.103 
English/CKTAUS_industrial2.en,0.013 0.049 0.064 0.118 0 0.029 0.27 0.03 0.051 0 0.027 0.015 0.008 0.012 0 0.012 0.024 0.066 0.003 0.01 0.025 0 0.008 0.04 0 0 0 0.016 0.013 0.097 
English/CKTAUS_industrial3.en,0.01 0.042 0.069 0.119 0 0.027 0.264 0.028 0.044 0 0.032 0.014 0.01 0.006 0.003 0.013 0.024 0.071 0.003 0.016 0.024 0.001 0.006 0.033 0 0 0 0.021 0.016 0.105 
English/CKTAUS_industrial4.en,0.011 0.044 0.06 0.113 0 0.028 0.269 0.029 0.05 0 0.021 0.011 0.019 0.011 0.003 0.017 0.029 0.072 0.003 0.005 0.02 0 0.008 0.04 0.001 0 0 0.008 0.014 0.115 
English/CKTAUS_industrial5.en,0.008 0.039 0.061 0.097 0 0.033 0.261 0.034 0.045 0 0.013 0.01 0.019 0.008 0.008 0.024 0.036 0.073 0 0 0.025 0 0.007 0.046 0.002 0 0 0.011 0.011 0.129 
English/CKTAUS_legal10.en,0.021 0.01 0.049 0.013 0.004 0.028 0.086 0.075 0.176 0 0.007 0.036 0.018 0.005 0.006 0.031 0.026 0.161 0 0 0.008 0.001 0.01 0.039 0 0 0 0.01 0.019 0.159 
English/CKTAUS_legal11.en,0.009 0.014 0.024 0.005 0 0.029 0.087 0.109 0.196 0 0.003 0.01 0.017 0.006 0 0.018 0.017 0.169 0.001 0 0.013 0.002 0.004 0.051 0.004 0 0 0.015 0.025 0.171 
English/CKTAUS_legal12.en,0.016 0.016 0.03 0.01 0.006 0.041 0.082 0.109 0.173 0 0.002 0.013 0.019 0.006 0 0.016 0.024 0.179 0 0 0.016 0.001 0.003 0.039 0 0.001 0 0.009 0.027 0.161 
English/CKTAUS_legal13.en,0.013 0.018 0.041 0.02 0.003 0.057 0.104 0.075 0.126 0.003 0.013 0.009 0.027 0.007 0 0.06 0.022 0.151 0.001 0.002 0.005 0.002 0.01 0.047 0.002 0 0 0.012 0.026 0.146 
English/CKTAUS_legal14.en,0.043 0.014 0.028 0.017 0.01 0.032 0.058 0.086 0.149 0 0.008 0.008 0.019 0.014 0 0.029 0.018 0.17 0.005 0.03 0.005 0.001 0.006 0.055 0.006 0 0 0.015 0.034 0.137 
English/CKTAUS_legal15.en,0.027 0.002 0.039 0.021 0.004 0.012 0.088 0.095 0.164 0 0.004 0.032 0.03 0.009 0 0.012 0.01 0.162 0.001 0.009 0.014 0.002 0.01 0.03 0.002 0 0 0.012 0.031 0.176 
English/CKTAUS_legal16.en,0.051 0.008 0.025 0.024 0.004 0.027 0.085 0.106 0.127 0.005 0.012 0.026 0.045 0.014 0 0.024 0.008 0.153 0 0.013 0.005 0.017 0.005 0.033 0.01 0 0 0.008 0.053 0.112 
English/CKTAUS_legal17.en,0.04 0.012 0.033 0.029 0.006 0.025 0.075 0.097 0.146 0 0.01 0.014 0.028 0.004 0.007 0.026 0.009 0.167 0.001 0.009 0.01 0.009 0.006 0.026 0.005 0 0 0.009 0.049 0.146 
English/CKTAUS_legal18.en,0.044 0.009 0.031 0.01 0.002 0.02 0.064 0.097 0.169 0 0.005 0.021 0.032 0.013 0.009 0.012 0.01 0.186 0.002 0.001 0.008 0.004 0.006 0.036 0.002 0 0 0.015 0.024 0.17 
English/CKTAUS_legal19.en,0.033 0.012 0.034 0.012 0.014 0.028 0.072 0.104 0.163 0 0.005 0.014 0.032 0.016 0.004 0.009 0.017 0.174 0.001 0.002 0.007 0.003 0.008 0.038 0.001 0 0 0.011 0.026 0.158 
English/CKTAUS_legal1.en,0.016 0.003 0.038 0.011 0.007 0.026 0.08 0.095 0.192 0 0.005 0.037 0.017 0.007 0 0.014 0.01 0.185 0 0.002 0.01 0.001 0.005 0.022 0 0 0 0.012 0.039 0.165 
English/CKTAUS_legal20.en,0.037 0.009 0.036 0.029 0.019 0.037 0.072 0.08 0.143 0 0.009 0.013 0.017 0.011 0.002 0.016 0.013 0.169 0.005 0.003 0.014 0.005 0.008 0.031 0.003 0 0 0.022 0.026 0.17 
English/CKTAUS_legal21.en,0.024 0.011 0.033 0.018 0.013 0.027 0.085 0.086 0.156 0 0.008 0.006 0.012 0.009 0.005 0.009 0.024 0.188 0 0.012 0.012 0.006 0.018 0.028 0 0 0 0.017 0.035 0.158 
English/CKTAUS_legal2.en,0.032 0.008 0.042 0.007 0.013 0.026 0.091 0.101 0.189 0 0.008 0.019 0.023 0.006 0.003 0.01 0.015 0.173 0.01 0.001 0.006 0.003 0.006 0.031 0.001 0 0 0.013 0.022 0.142 
English/CKTAUS_legal3.en,0.051 0.019 0.033 0.016 0.032 0.033 0.057 0.069 0.128 0.001 0.005 0.019 0.016 0.005 0.009 0.051 0.021 0.121 0.001 0.009 0.003 0.024 0.006 0.033 0.034 0.002 0 0.008 0.028 0.166 
English/CKTAUS_legal4.en,0.054 0.012 0.028 0.014 0.065 0.025 0.168 0.036 0.098 0.034 0.028 0.006 0.005 0.002 0.026 0.025 0.025 0.092 0 0.011 0.011 0.009 0.005 0.021 0.022 0.023 0 0.008 0.028 0.12 
English/CKTAUS_legal5.en,0.066 0.014 0.019 0.016 0.034 0.031 0.142 0.057 0.113 0.001 0.013 0.017 0.014 0.009 0.017 0.024 0.012 0.134 0.001 0.006 0.007 0.01 0.013 0.048 0.01 0 0 0.01 0.026 0.138 
English/CKTAUS_legal6.en,0.054 0.01 0.027 0.014 0.014 0.039 0.079 0.093 0.153 0 0.012 0.011 0.016 0.002 0.005 0.01 0.018 0.154 0.004 0.006 0.012 0.024 0.005 0.027 0.003 0 0 0.015 0.028 0.165 
English/CKTAUS_legal7.en,0.037 0.004 0.038 0.007 0.006 0.031 0.093 0.089 0.167 0 0.005 0.011 0.019 0.006 0.006 0.017 0.01 0.162 0.001 0.004 0.01 0.013 0.017 0.029 0.002 0 0 0.014 0.025 0.176 
English/CKTAUS_legal8.en,0.031 0.016 0.031 0.011 0.003 0.034 0.085 0.102 0.187 0 0.003 0.009 0.014 0.008 0 0.012 0.014 0.175 0 0.001 0.01 0.003 0.003 0.033 0 0 0 0.021 0.027 0.168 
English/CKTAUS_legal9.en,0.031 0.013 0.026 0.012 0.01 0.019 0.097 0.076 0.142 0.002 0.006 0.012 0.029 0.007 0.005 0.027 0.006 0.157 0.001 0.006 0.008 0.017 0.02 0.036 0.006 0 0 0.012 0.035 0.181 
English/CKTAUS_pharma10.en,0.089 0.009 0.018 0.014 0.083 0.021 0.096 0.019 0.062 0 0.01 0.003 0.023 0.001 0.01 0.031 0.021 0.083 0.044 0.004 0.004 0.128 0.004 0.063 0.052 0 0 0.006 0.016 0.087 
English/CKTAUS_pharma11.en,0.073 0.002 0.005 0.016 0.048 0.026 0.074 0.025 0.062 0 0.024 0.018 0.017 0 0.031 0.022 0.012 0.092 0.045 0.11 0.015 0.064 0 0.048 0.059 0 0 0.004 0.016 0.092 
English/CKTAUS_pharma12.en,0.111 0.01 0.012 0.008 0.036 0.021 0.077 0.025 0.058 0 0.012 0.008 0.027 0.002 0.012 0.039 0.022 0.098 0.023 0.044 0.003 0.116 0 0.055 0.067 0.001 0 0.008 0.013 0.093 
English/CKTAUS_pharma13.en,0.079 0.012 0.016 0.007 0.045 0.019 0.069 0.032 0.055 0 0.011 0.007 0.029 0 0.011 0.029 0.016 0.096 0.023 0.026 0.005 0.059 0.002 0.06 0.174 0 0 0.007 0.012 0.1 
English/CKTAUS_pharma14.en,0.095 0.006 0.019 0.007 0.029 0.023 0.082 0.022 0.061 0 0.014 0.007 0.025 0.001 0.012 0.033 0.018 0.092 0.028 0.024 0.006 0.054 0 0.055 0.172 0 0 0.009 0.016 0.09 
English/CKTAUS_pharma15.en,0.078 0.005 0.009 0.004 0.033 0.016 0.076 0.021 0.066 0 0.013 0.013 0.021 0.002 0.014 0.024 0.012 0.106 0.025 0.032 0.004 0.053 0 0.072 0.175 0 0 0.005 0.02 0.098 
English/CKTAUS_pharma16.en,0.064 0.004 0.016 0.009 0.039 0.018 0.089 0.033 0.062 0.001 0.01 0.012 0.028 0.005 0.008 0.021 0.029 0.093 0.023 0.025 0.003 0.08 0.002 0.06 0.144 0 0 0.005 0.018 0.097 
English/CKTAUS_pharma17.en,0.084 0.009 0.017 0.005 0.033 0.032 0.063 0.031 0.054 0.002 0.01 0.007 0.03 0.005 0.021 0.028 0.036 0.093 0.016 0.009 0.002 0.079 0.003 0.061 0.161 0 0 0.007 0.013 0.089 
English/CKTAUS_pharma18.en,0.112 0.002 0.016 0.01 0.036 0.016 0.087 0.038 0.07 0.003 0.011 0.005 0.022 0.001 0.013 0.036 0.019 0.102 0.018 0.02 0.007 0.065 0.001 0.056 0.126 0 0 0.021 0.012 0.076 
English/CKTAUS_pharma19.en,0.077 0.005 0.01 0.008 0.018 0.017 0.13 0.025 0.057 0 0.018 0.009 0.035 0 0.003 0.033 0.032 0.095 0.022 0.023 0.038 0.099 0.001 0.025 0.107 0 0 0.015 0.018 0.078 
English/CKTAUS_pharma1.en,0.08 0.01 0.018 0.009 0.026 0.023 0.151 0.029 0.06 0 0.011 0.013 0.029 0.005 0.014 0.026 0.018 0.096 0.032 0.025 0.008 0.082 0 0.058 0.08 0 0 0.006 0.013 0.08 
English/CKTAUS_pharma20.en,0.07 0.002 0.023 0.01 0.037 0.023 0.094 0.03 0.068 0.001 0.007 0.014 0.025 0.009 0.007 0.027 0.025 0.099 0.023 0.028 0.009 0.063 0.023 0.067 0.114 0 0 0.011 0.018 0.071 
English/CKTAUS_pharma21.en,0.094 0.003 0.021 0.01 0.029 0.025 0.076 0.034 0.063 0 0.009 0.007 0.055 0.007 0.014 0.026 0.018 0.094 0.022 0.02 0.008 0.056 0.013 0.064 0.115 0.002 0 0.011 0.022 0.084 
English/CKTAUS_pharma2.en,0.07 0.014 0.013 0.007 0.031 0.025 0.075 0.034 0.064 0 0.024 0.017 0.052 0 0.019 0.018 0.011 0.095 0.023 0.06 0.009 0.059 0.006 0.059 0.089 0 0 0.006 0.025 0.096 
English/CKTAUS_pharma3.en,0.089 0.011 0.009 0.015 0.025 0.014 0.09 0.015 0.061 0 0.013 0.003 0.029 0.007 0.016 0.021 0.063 0.107 0.026 0.021 0.001 0.103 0 0.062 0.091 0.003 0 0.004 0.016 0.085 
English/CKTAUS_pharma4.en,0.073 0.008 0.019 0.028 0.03 0.016 0.089 0.02 0.06 0 0.013 0.012 0.029 0.002 0.012 0.025 0.061 0.096 0.029 0.031 0.004 0.068 0.011 0.096 0.08 0 0 0.006 0.011 0.07 
English/CKTAUS_pharma5.en,0.073 0 0.022 0.01 0.029 0.015 0.082 0.029 0.086 0 0.015 0.003 0.023 0 0.008 0.032 0.037 0.111 0.017 0.023 0.006 0.072 0.002 0.12 0.08 0 0 0.014 0.014 0.076 
English/CKTAUS_pharma6.en,0.09 0.009 0.018 0.007 0.062 0.021 0.063 0.019 0.051 0 0.012 0.005 0.033 0.003 0.015 0.023 0.035 0.095 0.019 0.009 0.007 0.064 0.004 0.115 0.115 0.001 0 0.005 0.01 0.09 
English/CKTAUS_pharma7.en,0.07 0.024 0.007 0.009 0.016 0.02 0.091 0.032 0.072 0 0.011 0.005 0.031 0 0.009 0.03 0.057 0.104 0.014 0.019 0.005 0.048 0.003 0.11 0.081 0 0 0.009 0.031 0.091 
English/CKTAUS_pharma8.en,0.098 0.01 0.015 0.011 0.02 0.029 0.077 0.035 0.064 0 0.011 0.004 0.025 0.082 0.008 0.03 0.042 0.097 0.019 0.018 0.008 0.054 0.003 0.047 0.063 0 0 0.006 0.031 0.094 
English/CKTAUS_pharma9.en,0.095 0.008 0.015 0.017 0.026 0.019 0.092 0.023 0.063 0 0.018 0.004 0.017 0.063 0.022 0.028 0.022 0.101 0.024 0.016 0.007 0.108 0 0.05 0.062 0 0 0.004 0.017 0.079 
English/CKTAUS_software10.en,0.078 0.011 0.015 0.008 0.028 0.027 0.077 0.027 0.062 0.035 0.011 0.01 0.024 0.034 0.012 0.03 0.025 0.094 0.025 0.025 0.004 0.065 0.003 0.061 0.076 0.025 0 0.009 0.015 0.085 
English/CKTAUS_software11.en,0.077 0.014 0.015 0.007 0.029 0.022 0.082 0.028 0.061 0.027 0.015 0.01 0.027 0.021 0.013 0.029 0.027 0.095 0.024 0.022 0.006 0.064 0.004 0.061 0.075 0.034 0 0.009 0.019 0.083 
English/CKTAUS_software12.en,0.082 0.031 0.014 0.009 0.032 0.026 0.075 0.024 0.058 0.022 0.013 0.011 0.028 0.021 0.014 0.03 0.023 0.1 0.023 0.018 0.007 0.064 0.003 0.06 0.083 0.02 0 0.008 0.017 0.084 
English/CKTAUS_software13.en,0.082 0.027 0.016 0.009 0.029 0.026 0.079 0.027 0.061 0.024 0.019 0.01 0.023 0.023 0.016 0.029 0.025 0.087 0.027 0.022 0.006 0.063 0.004 0.057 0.08 0.019 0 0.013 0.017 0.081 
English/CKTAUS_software14.en,0.079 0.021 0.013 0.007 0.031 0.025 0.076 0.03 0.061 0.021 0.026 0.009 0.028 0.025 0.012 0.028 0.025 0.095 0.025 0.021 0.006 0.07 0.005 0.058 0.078 0.022 0 0.009 0.02 0.079 
English/CKTAUS_software1.en,0.055 0.016 0.027 0.011 0.015 0.019 0.141 0.026 0.066 0.018 0.069 0.007 0.028 0.018 0.01 0.018 0.047 0.096 0.018 0.013 0.012 0.034 0.021 0.04 0.047 0.013 0 0.007 0.013 0.096 
English/CKTAUS_software2.en,0.082 0.021 0.011 0.009 0.031 0.027 0.08 0.024 0.063 0.021 0.023 0.01 0.027 0.026 0.01 0.03 0.024 0.098 0.025 0.019 0.005 0.063 0.007 0.057 0.077 0.021 0 0.01 0.019 0.081 
English/CKTAUS_software3.en,0.08 0.019 0.013 0.008 0.027 0.026 0.076 0.031 0.06 0.023 0.021 0.006 0.023 0.026 0.01 0.033 0.023 0.1 0.024 0.019 0.005 0.061 0.008 0.063 0.083 0.021 0 0.011 0.016 0.082 
English/CKTAUS_software4.en,0.081 0.02 0.012 0.005 0.029 0.022 0.073 0.028 0.062 0.024 0.019 0.009 0.022 0.023 0.012 0.028 0.025 0.094 0.024 0.02 0.004 0.075 0.011 0.059 0.079 0.023 0 0.008 0.019 0.091 
English/CKTAUS_software5.en,0.08 0.018 0.014 0.011 0.029 0.026 0.075 0.028 0.062 0.026 0.022 0.01 0.028 0.021 0.012 0.03 0.025 0.097 0.023 0.02 0.006 0.063 0.008 0.061 0.077 0.023 0 0.007 0.017 0.081 
English/CKTAUS_software6.en,0.08 0.024 0.013 0.009 0.03 0.023 0.074 0.029 0.059 0.02 0.024 0.01 0.028 0.022 0.015 0.031 0.025 0.096 0.026 0.02 0.005 0.063 0.008 0.058 0.078 0.019 0 0.009 0.018 0.085 
English/CKTAUS_software7.en,0.082 0.02 0.013 0.008 0.027 0.023 0.077 0.03 0.061 0.021 0.019 0.011 0.031 0.024 0.012 0.032 0.023 0.088 0.023 0.021 0.008 0.069 0.007 0.058 0.082 0.021 0 0.009 0.018 0.084 
English/CKTAUS_software8.en,0.076 0.019 0.012 0.008 0.031 0.024 0.077 0.029 0.059 0.024 0.021 0.007 0.026 0.024 0.013 0.031 0.027 0.097 0.027 0.019 0.006 0.066 0.007 0.056 0.081 0.022 0 0.007 0.02 0.086 
English/CKTAUS_software9.en,0.081 0.017 0.013 0.008 0.024 0.024 0.075 0.026 0.059 0.024 0.022 0.011 0.026 0.02 0.011 0.033 0.025 0.097 0.024 0.02 0.008 0.072 0.011 0.057 0.08 0.021 0 0.009 0.018 0.082 
English/CKTAUS_undef1.en,0.054 0.018 0.038 0.019 0.02 0.03 0.11 0.038 0.099 0.003 0.04 0.012 0.025 0.006 0.01 0.025 0.034 0.093 0.008 0.017 0.012 0.013 0.061 0.025 0.024 0.002 0 0.017 0.028 0.122 
English/CKTAUS_undef2.en,0.031 0.014 0.022 0.013 0.008 0.022 0.075 0.073 0.16 0.003 0.012 0.025 0.013 0.004 0.003 0.006 0.011 0.166 0.001 0.003 0.008 0.007 0.025 0.067 0.011 0.002 0 0.016 0.031 0.168 
English/CKTAUS_undef3.en,0.026 0.001 0.02 0.014 0.005 0.021 0.071 0.09 0.174 0.002 0.003 0.03 0.013 0.008 0 0.008 0.01 0.18 0.001 0 0.006 0.003 0.005 0.075 0.003 0.001 0 0.017 0.03 0.183 
English/CKTAUS_undef4.en,0.028 0.003 0.014 0.016 0.005 0.018 0.069 0.09 0.169 0.004 0.004 0.034 0.014 0.007 0.001 0.007 0.008 0.179 0.002 0 0.008 0.002 0.004 0.081 0.004 0.003 0 0.012 0.029 0.185 
English/CKTAUS_undef5.en,0.029 0.003 0.052 0.011 0.001 0.02 0.131 0.064 0.135 0.002 0.053 0.003 0.041 0.006 0.003 0.003 0.027 0.11 0.002 0.003 0.025 0 0.061 0.04 0.013 0.004 0 0.006 0.04 0.111 
English/CKTAUS_undef6.en,0.026 0.001 0.087 0.015 0 0.022 0.148 0.074 0.13 0 0.047 0.001 0.067 0 0.009 0.002 0.031 0.118 0 0.001 0.01 0 0.055 0.023 0.011 0.001 0 0.002 0.038 0.079 
English/CSTAUS_business10.en,0.014 0.009 0.07 0.009 0.014 0.012 0.195 0.028 0.1 0.005 0.014 0.003 0.118 0.014 0.007 0.004 0.075 0.101 0 0.001 0.002 0.004 0.018 0.005 0.004 0 0 0.017 0.014 0.143 
English/CSTAUS_business11.en,0.007 0.018 0.05 0.008 0.018 0.012 0.198 0.027 0.095 0.001 0.013 0 0.094 0.007 0.001 0.011 0.107 0.106 0 0.004 0 0.009 0.028 0.012 0.011 0 0 0.018 0.012 0.133 
English/CSTAUS_business12.en,0.01 0.013 0.064 0.008 0.011 0.007 0.191 0.024 0.094 0.002 0.013 0 0.105 0.008 0.002 0.007 0.095 0.111 0 0.002 0.001 0.02 0.019 0.011 0.003 0 0 0.027 0.014 0.137 
English/CSTAUS_business13.en,0.012 0.01 0.077 0.015 0.011 0.011 0.166 0.022 0.111 0 0.016 0 0.118 0.003 0 0.005 0.103 0.098 0 0.004 0 0.011 0.021 0.008 0.01 0 0 0.01 0.006 0.149 
English/CSTAUS_business14.en,0.01 0.006 0.048 0.008 0.013 0.012 0.189 0.021 0.1 0.007 0.015 0.002 0.093 0.006 0 0.003 0.096 0.103 0 0.002 0 0.021 0.037 0.005 0.013 0 0 0.025 0.013 0.153 
English/CSTAUS_business15.en,0.012 0.009 0.05 0.008 0.018 0.014 0.19 0.029 0.105 0.001 0.019 0.004 0.105 0.009 0.002 0.001 0.093 0.098 0 0 0.001 0.012 0.031 0.005 0.007 0.001 0 0.017 0.009 0.149 
English/CSTAUS_business16.en,0.009 0.031 0.05 0.009 0.02 0.014 0.188 0.013 0.104 0.001 0.011 0 0.096 0.009 0.001 0.005 0.097 0.106 0.002 0.001 0 0.011 0.027 0.004 0.005 0 0 0.032 0.014 0.137 
English/CSTAUS_business17.en,0.008 0.017 0.038 0.01 0.017 0.019 0.192 0.028 0.096 0.007 0.021 0.001 0.1 0.005 0 0.007 0.104 0.093 0 0.003 0.004 0.008 0.024 0.01 0.005 0 0 0.018 0.024 0.14 
English/CSTAUS_business18.en,0.011 0.007 0.046 0.011 0.014 0.008 0.193 0.033 0.09 0.002 0.017 0.005 0.102 0.014 0.001 0.01 0.084 0.11 0 0.001 0.001 0.022 0.027 0.01 0.005 0.002 0 0.012 0.009 0.155 
English/CSTAUS_business19.en,0.013 0.013 0.06 0.013 0.015 0.009 0.178 0.023 0.099 0.001 0.02 0.001 0.095 0.009 0.002 0.007 0.102 0.108 0 0 0 0.009 0.026 0.003 0.003 0.002 0 0.025 0.007 0.153 
English/CSTAUS_business1.en,0.02 0.001 0.063 0.008 0.008 0.011 0.162 0.024 0.126 0 0.013 0 0.098 0.011 0.004 0.005 0.095 0.124 0 0.005 0.001 0.009 0.024 0.014 0.007 0 0 0.012 0.012 0.144 
English/CSTAUS_business20.en,0.013 0.01 0.056 0.011 0.014 0.01 0.199 0.02 0.123 0.001 0.019 0 0.089 0.011 0 0.003 0.087 0.11 0 0.004 0 0.017 0.024 0.006 0.008 0.001 0 0.017 0.007 0.142 
English/CSTAUS_business21.en,0.018 0.017 0.056 0.009 0.01 0.021 0.209 0.02 0.103 0.001 0.01 0 0.101 0.01 0 0.005 0.096 0.1 0 0.002 0 0.017 0.023 0.007 0.014 0 0 0.024 0.008 0.122 
English/CSTAUS_business2.en,0.014 0.006 0.081 0.009 0.003 0.016 0.15 0.016 0.12 0 0.013 0.001 0.108 0.008 0 0.007 0.09 0.132 0 0.003 0 0.007 0.03 0.017 0.007 0.003 0 0.008 0.013 0.138 
English/CSTAUS_business3.en,0.007 0.007 0.093 0.005 0.002 0.019 0.161 0.021 0.106 0.001 0.009 0.002 0.103 0.008 0 0.003 0.079 0.143 0 0.001 0 0.009 0.023 0.012 0.01 0 0 0.014 0.013 0.147 
English/CSTAUS_business4.en,0.017 0.007 0.056 0.005 0.004 0.018 0.156 0.02 0.121 0.005 0.019 0 0.105 0.01 0 0.002 0.103 0.11 0 0.001 0.002 0.016 0.018 0.016 0.012 0.004 0 0.021 0.013 0.141 
English/CSTAUS_business5.en,0.009 0.01 0.04 0.006 0.003 0.014 0.192 0.024 0.116 0.009 0.014 0 0.109 0.005 0 0.002 0.1 0.111 0 0.003 0 0.018 0.02 0.005 0.01 0.004 0 0.025 0.011 0.14 
English/CSTAUS_business6.en,0.012 0.006 0.052 0.009 0.013 0.012 0.196 0.026 0.1 0 0.018 0 0.124 0.007 0.001 0.005 0.078 0.119 0 0 0 0.025 0.023 0.006 0.007 0 0 0.02 0.008 0.131 
English/CSTAUS_business7.en,0.011 0.018 0.044 0.01 0.029 0.01 0.2 0.022 0.097 0.008 0.016 0.006 0.106 0.014 0 0.007 0.098 0.082 0 0.001 0 0.011 0.034 0.002 0.005 0.002 0 0.021 0.009 0.138 
English/CSTAUS_business8.en,0.015 0.007 0.05 0.008 0.011 0.011 0.18 0.027 0.09 0.006 0.016 0.003 0.118 0.009 0 0.007 0.1 0.101 0 0.003 0 0.017 0.028 0.007 0.006 0 0 0.017 0.014 0.148 
English/CSTAUS_business9.en,0.013 0.012 0.066 0.009 0.016 0.008 0.173 0.022 0.109 0.003 0.017 0.003 0.114 0.007 0.003 0.005 0.098 0.111 0 0.004 0.001 0.017 0.024 0.005 0.006 0 0 0.019 0.014 0.122 
English/CSTAUS_electronics1.en,0.061 0.008 0.034 0.064 0.011 0.049 0.147 0.05 0.074 0 0.024 0.006 0.009 0.006 0.016 0.021 0.145 0.073 0.019 0.004 0.011 0.021 0.004 0.019 0.021 0 0 0.009 0.016 0.08 
English/CSTAUS_electronics2.en,0.054 0.011 0.032 0.056 0.01 0.039 0.153 0.038 0.085 0 0.024 0.007 0.012 0.004 0.009 0.024 0.137 0.062 0.019 0.005 0.009 0.019 0.019 0.027 0.018 0 0 0.013 0.016 0.097 
English/CSTAUS_electronics3.en,0.023 0.004 0.041 0.038 0.018 0.008 0.192 0.03 0.074 0.001 0.035 0.004 0.012 0.002 0.009 0.009 0.084 0.124 0.008 0.006 0.017 0.004 0.041 0.023 0.011 0 0 0.006 0.029 0.147 
English/CSTAUS_hardware10.en,0.028 0.025 0.038 0.036 0.008 0.024 0.159 0.02 0.088 0 0.031 0.008 0.025 0.011 0 0.042 0.147 0.09 0.002 0.001 0.02 0 0.02 0.011 0.028 0 0 0.024 0.01 0.104 
English/CSTAUS_hardware11.en,0.027 0.016 0.046 0.041 0.006 0.029 0.15 0.019 0.1 0 0.031 0.003 0.03 0.006 0.004 0.066 0.098 0.083 0.029 0.004 0.021 0.007 0.015 0.012 0.019 0.001 0 0.027 0.013 0.095 
English/CSTAUS_hardware12.en,0.015 0.013 0.047 0.005 0.003 0.027 0.173 0.029 0.116 0.001 0.016 0.003 0.037 0.017 0.002 0.061 0.06 0.13 0.018 0.002 0.003 0.002 0.01 0.015 0.03 0.006 0 0.011 0.014 0.132 
English/CSTAUS_hardware13.en,0.036 0.015 0.035 0.03 0.005 0.024 0.169 0.014 0.103 0 0.039 0.004 0.035 0.005 0.003 0.066 0.088 0.087 0.047 0.004 0.012 0.013 0.014 0.012 0.024 0 0 0.017 0.008 0.095 
English/CSTAUS_hardware14.en,0.033 0.019 0.045 0.033 0.002 0.025 0.176 0.018 0.089 0 0.038 0.006 0.038 0.001 0.002 0.067 0.083 0.085 0.038 0.006 0.018 0.011 0.017 0.017 0.014 0 0 0.017 0.013 0.089 
English/CSTAUS_hardware15.en,0.039 0.022 0.046 0.049 0.006 0.028 0.157 0.013 0.078 0 0.043 0.007 0.022 0.007 0.002 0.042 0.127 0.062 0.049 0 0.019 0.002 0.02 0.016 0.018 0 0 0.039 0.008 0.082 
English/CSTAUS_hardware16.en,0.033 0.015 0.03 0.029 0.005 0.034 0.182 0.021 0.088 0 0.032 0.005 0.02 0.008 0.001 0.052 0.083 0.082 0.042 0 0.013 0.006 0.018 0.014 0.026 0 0 0.017 0.015 0.126 
English/CSTAUS_hardware17.en,0.024 0.017 0.058 0.038 0.002 0.018 0.174 0.021 0.088 0 0.024 0.008 0.017 0.005 0.002 0.042 0.083 0.091 0.064 0.001 0.018 0.005 0.014 0.019 0.018 0 0 0.013 0.012 0.125 
English/CSTAUS_hardware18.en,0.037 0.026 0.027 0.04 0.007 0.025 0.17 0.018 0.089 0 0.033 0.004 0.016 0.001 0.002 0.053 0.099 0.08 0.056 0.002 0.022 0.006 0.017 0.013 0.025 0 0 0.017 0.01 0.106 
English/CSTAUS_hardware19.en,0.032 0.017 0.035 0.027 0.003 0.021 0.158 0.019 0.102 0 0.03 0.004 0.017 0.005 0.004 0.062 0.1 0.093 0.06 0 0.021 0.006 0.018 0.019 0.016 0 0 0.013 0.011 0.105 
English/CSTAUS_hardware1.en,0.035 0.011 0.043 0.059 0.003 0.043 0.181 0.021 0.086 0 0.031 0.004 0.024 0.001 0.001 0.051 0.071 0.092 0.044 0.001 0.033 0.003 0.016 0.011 0.012 0.003 0 0.015 0.012 0.092 
English/CSTAUS_hardware20.en,0.028 0.012 0.044 0.035 0.008 0.028 0.158 0.027 0.096 0 0.029 0.006 0.021 0.003 0.005 0.055 0.074 0.115 0.037 0 0.025 0.004 0.013 0.014 0.022 0 0 0.013 0.017 0.108 
English/CSTAUS_hardware21.en,0.034 0.017 0.039 0.03 0.004 0.022 0.179 0.026 0.097 0 0.026 0 0.02 0.003 0.001 0.077 0.074 0.118 0.028 0.001 0.02 0.005 0.018 0.008 0.02 0.001 0 0.01 0.016 0.105 
English/CSTAUS_hardware2.en,0.038 0.017 0.034 0.049 0.003 0.029 0.186 0.014 0.1 0 0.034 0.001 0.023 0.004 0.002 0.042 0.087 0.083 0.037 0.002 0.032 0.004 0.014 0.013 0.019 0 0 0.016 0.013 0.105 
English/CSTAUS_hardware3.en,0.024 0.022 0.046 0.06 0.009 0.036 0.167 0.019 0.095 0 0.035 0.003 0.017 0.001 0 0.034 0.083 0.087 0.046 0 0.036 0.004 0.019 0.015 0.014 0 0 0.012 0.012 0.101 
English/CSTAUS_hardware4.en,0.036 0.02 0.041 0.05 0.002 0.027 0.171 0.023 0.089 0 0.037 0.004 0.02 0.004 0.002 0.045 0.098 0.084 0.042 0 0.036 0.004 0.015 0.012 0.015 0 0 0.01 0.012 0.102 
English/CSTAUS_hardware5.en,0.026 0.016 0.045 0.035 0.001 0.025 0.18 0.022 0.102 0.002 0.034 0.004 0.021 0.001 0.001 0.042 0.084 0.104 0.034 0.004 0.025 0.004 0.016 0.014 0.019 0 0 0.011 0.015 0.114 
English/CSTAUS_hardware6.en,0.038 0.028 0.043 0.038 0.005 0.023 0.172 0.01 0.088 0 0.04 0.006 0.019 0.004 0.004 0.03 0.114 0.072 0.043 0.001 0.035 0.003 0.02 0.019 0.021 0 0 0.02 0.009 0.096 
English/CSTAUS_hardware7.en,0.037 0.029 0.034 0.038 0.006 0.023 0.164 0.012 0.09 0 0.037 0.004 0.023 0.008 0.003 0.052 0.11 0.072 0.033 0.005 0.039 0.009 0.017 0.014 0.021 0 0 0.023 0.011 0.085 
English/CSTAUS_hardware8.en,0.027 0.015 0.035 0.039 0.001 0.017 0.164 0.014 0.087 0 0.032 0.009 0.051 0.007 0.003 0.071 0.086 0.071 0.031 0.006 0.026 0.027 0.022 0.013 0.011 0 0 0.016 0.01 0.109 
English/CSTAUS_hardware9.en,0.04 0.022 0.047 0.048 0.005 0.024 0.154 0.014 0.087 0 0.04 0.005 0.018 0.001 0.007 0.048 0.135 0.056 0.034 0.001 0.033 0.006 0.019 0.011 0.018 0 0 0.034 0.014 0.082 
English/CSTAUS_industrial1.en,0.025 0.012 0.074 0.029 0.009 0.024 0.174 0.029 0.125 0 0.049 0.001 0.093 0.024 0.007 0.014 0.037 0.063 0.008 0.009 0.036 0.002 0.013 0.014 0.004 0.002 0 0.008 0.01 0.107 
English/CSTAUS_industrial2.en,0.033 0.014 0.066 0.016 0.004 0.025 0.199 0.027 0.093 0.001 0.043 0.005 0.083 0.04 0.003 0.008 0.039 0.063 0.014 0.009 0.023 0.003 0.014 0.024 0.009 0.001 0 0.006 0.014 0.12 
English/CSTAUS_industrial3.en,0.031 0.013 0.071 0.006 0.005 0.05 0.185 0.034 0.079 0 0.05 0.024 0.054 0.027 0.004 0.005 0.03 0.069 0.008 0.019 0.016 0.005 0.024 0.03 0.019 0.004 0 0.016 0.008 0.112 
English/CSTAUS_leisure10.en,0.031 0.03 0.038 0.008 0.014 0.017 0.122 0.029 0.068 0.004 0.024 0.005 0.016 0.132 0.005 0.008 0.06 0.104 0.005 0.02 0.005 0.013 0.03 0.018 0.047 0.008 0 0.01 0.023 0.106 
English/CSTAUS_leisure11.en,0.028 0.027 0.048 0.009 0.009 0.018 0.139 0.024 0.071 0.011 0.036 0.006 0.018 0.096 0.008 0.011 0.058 0.104 0.007 0.019 0.006 0.013 0.032 0.023 0.039 0.007 0 0.007 0.022 0.104 
English/CSTAUS_leisure12.en,0.031 0.025 0.036 0.005 0.013 0.023 0.14 0.028 0.074 0.006 0.033 0.009 0.016 0.089 0.009 0.009 0.059 0.106 0.006 0.015 0.007 0.012 0.029 0.019 0.043 0.005 0 0.01 0.023 0.121 
English/CSTAUS_leisure13.en,0.032 0.026 0.042 0.004 0.015 0.023 0.136 0.03 0.072 0.009 0.035 0.005 0.011 0.094 0.006 0.009 0.063 0.095 0.009 0.023 0.008 0.01 0.029 0.022 0.042 0.006 0 0.007 0.022 0.115 
English/CSTAUS_leisure14.en,0.024 0.026 0.043 0.003 0.015 0.024 0.139 0.03 0.076 0.01 0.031 0.005 0.026 0.087 0.007 0.008 0.053 0.099 0.005 0.024 0.006 0.009 0.029 0.022 0.047 0.005 0 0.01 0.022 0.117 
English/CSTAUS_leisure15.en,0.029 0.026 0.042 0.006 0.017 0.019 0.131 0.031 0.076 0.011 0.039 0.009 0.019 0.098 0.007 0.01 0.05 0.101 0.006 0.023 0.009 0.01 0.025 0.023 0.034 0.006 0 0.012 0.02 0.11 
English/CSTAUS_leisure16.en,0.025 0.026 0.04 0.004 0.014 0.018 0.131 0.029 0.077 0.004 0.042 0.004 0.018 0.101 0.005 0.008 0.06 0.105 0.003 0.022 0.007 0.01 0.029 0.023 0.041 0.006 0 0.016 0.022 0.112 
English/CSTAUS_leisure17.en,0.023 0.026 0.044 0.008 0.013 0.017 0.136 0.029 0.072 0.002 0.036 0.008 0.023 0.095 0.009 0.013 0.054 0.111 0.006 0.02 0.006 0.011 0.029 0.024 0.041 0.007 0 0.008 0.02 0.109 
English/CSTAUS_leisure18.en,0.028 0.023 0.04 0.007 0.014 0.026 0.143 0.025 0.071 0.007 0.031 0.009 0.019 0.091 0.007 0.01 0.056 0.097 0.007 0.019 0.004 0.012 0.028 0.026 0.043 0.005 0 0.01 0.015 0.127 
English/CSTAUS_leisure19.en,0.029 0.026 0.042 0.005 0.014 0.026 0.139 0.034 0.074 0.006 0.036 0.005 0.018 0.093 0.01 0.013 0.057 0.101 0.002 0.023 0.005 0.01 0.03 0.023 0.034 0.005 0 0.01 0.018 0.112 
English/CSTAUS_leisure1.en,0.029 0.025 0.038 0.007 0.012 0.018 0.141 0.028 0.077 0.003 0.039 0.007 0.018 0.09 0.01 0.007 0.054 0.1 0.004 0.019 0.006 0.015 0.031 0.024 0.04 0.005 0 0.01 0.021 0.12 
English/CSTAUS_leisure20.en,0.032 0.024 0.042 0.008 0.011 0.021 0.137 0.03 0.072 0.008 0.029 0.005 0.019 0.091 0.008 0.009 0.06 0.103 0.005 0.017 0.008 0.012 0.025 0.025 0.042 0.008 0 0.006 0.024 0.119 
English/CSTAUS_leisure21.en,0.032 0.023 0.043 0.009 0.011 0.02 0.138 0.027 0.076 0.007 0.03 0.004 0.019 0.091 0.008 0.009 0.06 0.104 0.006 0.025 0.005 0.007 0.037 0.016 0.034 0.005 0 0.012 0.022 0.122 
English/CSTAUS_leisure2.en,0.027 0.025 0.039 0.008 0.02 0.023 0.141 0.027 0.07 0.011 0.028 0.007 0.02 0.1 0.006 0.013 0.055 0.097 0.005 0.023 0.009 0.009 0.036 0.021 0.045 0.005 0 0.012 0.017 0.103 
English/CSTAUS_leisure3.en,0.033 0.024 0.04 0.007 0.014 0.024 0.124 0.03 0.07 0.004 0.031 0.005 0.018 0.103 0.007 0.009 0.058 0.113 0.006 0.025 0.006 0.009 0.032 0.02 0.038 0.008 0 0.007 0.022 0.114 
English/CSTAUS_leisure4.en,0.033 0.026 0.042 0.006 0.011 0.02 0.136 0.036 0.076 0.008 0.03 0.009 0.019 0.082 0.005 0.007 0.058 0.103 0.005 0.023 0.006 0.013 0.032 0.022 0.039 0.005 0 0.007 0.025 0.117 
English/CSTAUS_leisure5.en,0.027 0.027 0.039 0.008 0.014 0.021 0.139 0.025 0.069 0.01 0.042 0.01 0.02 0.095 0.005 0.011 0.053 0.109 0.005 0.022 0.003 0.01 0.032 0.02 0.035 0.008 0 0.006 0.02 0.115 
English/CSTAUS_leisure6.en,0.028 0.019 0.037 0.006 0.017 0.025 0.142 0.031 0.067 0.009 0.035 0.009 0.015 0.093 0.009 0.011 0.057 0.106 0.003 0.019 0.008 0.012 0.022 0.022 0.043 0.008 0 0.008 0.019 0.119 
English/CSTAUS_leisure7.en,0.027 0.032 0.038 0.007 0.013 0.016 0.134 0.032 0.066 0.008 0.039 0.01 0.021 0.101 0.009 0.008 0.05 0.103 0.005 0.02 0.001 0.012 0.032 0.024 0.039 0.007 0 0.01 0.018 0.116 
English/CSTAUS_leisure8.en,0.028 0.025 0.041 0.009 0.015 0.022 0.152 0.026 0.076 0.007 0.041 0.008 0.015 0.086 0.008 0.007 0.059 0.104 0.004 0.02 0.004 0.011 0.028 0.02 0.037 0.005 0 0.008 0.016 0.117 
English/CSTAUS_leisure9.en,0.03 0.026 0.042 0.006 0.013 0.017 0.144 0.037 0.066 0.009 0.032 0.01 0.017 0.09 0.008 0.009 0.062 0.109 0.004 0.02 0.009 0.011 0.028 0.021 0.041 0.006 0 0.006 0.02 0.109 
English/CSTAUS_software10.en,0.016 0 0.1 0.016 0.012 0.027 0.231 0.028 0.111 0 0.028 0.002 0.032 0.025 0.002 0.012 0.044 0.133 0.008 0 0.026 0.004 0.01 0.009 0.006 0 0 0.01 0.004 0.103 
English/CSTAUS_software11.en,0.045 0 0.083 0.019 0.002 0.015 0.235 0.039 0.088 0 0.055 0.003 0.035 0.005 0.001 0.029 0.035 0.066 0.01 0 0.02 0.002 0.016 0.012 0.008 0 0 0.05 0.017 0.111 
English/CSTAUS_software12.en,0.011 0 0.091 0.015 0.015 0.008 0.213 0.065 0.135 0.004 0.065 0.002 0.044 0.001 0.001 0.004 0.049 0.087 0.008 0 0.01 0.001 0.012 0.014 0.002 0 0 0.005 0.027 0.108 
English/CSTAUS_software13.en,0.01 0 0.094 0.021 0.009 0.011 0.206 0.027 0.11 0 0.045 0.003 0.032 0 0.005 0.012 0.056 0.071 0.01 0 0.017 0.007 0.014 0.027 0.004 0 0 0.011 0.04 0.157 
English/CSTAUS_software14.en,0.01 0.003 0.079 0.012 0.006 0.007 0.251 0.042 0.094 0.005 0.045 0 0.044 0.001 0.001 0.009 0.066 0.104 0.007 0 0.013 0.003 0.015 0.011 0.006 0.007 0.001 0.004 0.013 0.142 
English/CSTAUS_software1.en,0.034 0.007 0.092 0.039 0.011 0.011 0.248 0.025 0.083 0.002 0.021 0.004 0.025 0.003 0 0.008 0.065 0.078 0.039 0.002 0.031 0 0.01 0.012 0.009 0 0 0.009 0.012 0.12 
English/CSTAUS_software2.en,0.024 0.005 0.088 0.029 0.007 0.01 0.297 0.021 0.063 0.005 0.03 0.003 0.029 0.004 0.001 0.004 0.076 0.07 0.027 0.003 0.032 0 0.013 0.009 0.008 0 0 0.006 0.009 0.125 
English/CSTAUS_software3.en,0.063 0.002 0.077 0.036 0.008 0.008 0.222 0.047 0.07 0.008 0.03 0.002 0.046 0.01 0.001 0.013 0.068 0.052 0.035 0.002 0.034 0 0.012 0.012 0.006 0.002 0 0.005 0.011 0.119 
English/CSTAUS_software4.en,0.044 0.003 0.085 0.027 0.003 0.013 0.234 0.042 0.063 0.01 0.037 0.005 0.033 0.01 0 0.019 0.073 0.047 0.036 0.005 0.029 0.004 0.017 0.003 0.004 0.013 0 0.003 0.013 0.123 
English/CSTAUS_software5.en,0.053 0.003 0.083 0.049 0.01 0.006 0.217 0.046 0.078 0.004 0.032 0.002 0.037 0.009 0 0.012 0.07 0.053 0.037 0.003 0.028 0.001 0.015 0.008 0.006 0.002 0 0.005 0.008 0.122 
English/CSTAUS_software6.en,0.062 0.004 0.093 0.033 0.004 0.011 0.214 0.056 0.07 0.001 0.025 0.001 0.028 0.007 0 0.01 0.071 0.043 0.034 0.004 0.062 0 0.01 0.018 0.01 0.002 0 0.008 0.009 0.108 
English/CSTAUS_software7.en,0.035 0.004 0.071 0.024 0.005 0.019 0.215 0.042 0.073 0.002 0.04 0 0.03 0.033 0.002 0.008 0.06 0.064 0.045 0.003 0.017 0.002 0.023 0.004 0.008 0.021 0 0.006 0.012 0.134 
English/CSTAUS_software8.en,0.019 0.003 0.106 0.033 0.006 0.022 0.227 0.023 0.087 0 0.036 0 0.056 0.015 0.001 0.008 0.055 0.09 0.027 0 0.017 0.002 0.022 0.007 0.007 0.001 0 0.011 0.006 0.112 
English/CSTAUS_software9.en,0.025 0.015 0.09 0.014 0.014 0.027 0.2 0.025 0.124 0.007 0.038 0.005 0.054 0.007 0.003 0.022 0.054 0.087 0.008 0.006 0.013 0.005 0.016 0.007 0.004 0 0 0.01 0.008 0.113 
English/CSTAUS_undef10.en,0.016 0.005 0.069 0.034 0.005 0.03 0.142 0.051 0.109 0 0.04 0.004 0.058 0.01 0.003 0.009 0.063 0.116 0.003 0.001 0.012 0 0.037 0.03 0.011 0.005 0 0.012 0.011 0.113 
English/CSTAUS_undef11.en,0.036 0 0.082 0.023 0.002 0.017 0.162 0.066 0.118 0.005 0.049 0.002 0.059 0.005 0.01 0.002 0.052 0.098 0.004 0 0.005 0 0.036 0.016 0.011 0.004 0 0.008 0.02 0.107 
English/CSTAUS_undef12.en,0.015 0.001 0.041 0.03 0.001 0.031 0.143 0.076 0.129 0.002 0.062 0.013 0.055 0.004 0.001 0.001 0.027 0.094 0.016 0.002 0.015 0 0.037 0.019 0.001 0.002 0 0.029 0.025 0.128 
English/CSTAUS_undef1.en,0.015 0 0.057 0.029 0.006 0.02 0.121 0.064 0.104 0 0.112 0.001 0.043 0.018 0.015 0.006 0.046 0.084 0.014 0 0.024 0.003 0.027 0.02 0.023 0.016 0 0.007 0.018 0.107 
English/CSTAUS_undef2.en,0.027 0.007 0.062 0.016 0.006 0.021 0.181 0.041 0.124 0.013 0.068 0.001 0.033 0.022 0.013 0.009 0.045 0.086 0.011 0 0.018 0.004 0.022 0.019 0.006 0.001 0 0.004 0.013 0.124 
English/CSTAUS_undef3.en,0.016 0 0.072 0.015 0 0.016 0.187 0.058 0.107 0.029 0.039 0 0.039 0.024 0.005 0.017 0.047 0.074 0.002 0.001 0.012 0.003 0.027 0.031 0.015 0 0 0.008 0.011 0.145 
English/CSTAUS_undef4.en,0.041 0 0.066 0.014 0.002 0.026 0.138 0.044 0.114 0.004 0.058 0 0.049 0.036 0.003 0.01 0.039 0.109 0.011 0 0.016 0.001 0.045 0.012 0.022 0.002 0 0.003 0.008 0.126 
English/CSTAUS_undef5.en,0.038 0 0.059 0.012 0 0.031 0.164 0.045 0.123 0.025 0.037 0 0.046 0.026 0.007 0.007 0.036 0.097 0.007 0 0.012 0 0.026 0.028 0.013 0.001 0 0.003 0.015 0.139 
English/CSTAUS_undef6.en,0.018 0.005 0.039 0.021 0.003 0.044 0.142 0.051 0.123 0.002 0.071 0 0.051 0.009 0.002 0.003 0.063 0.083 0.005 0.004 0.026 0.001 0.063 0.018 0.029 0.016 0 0.013 0.012 0.078 
English/CSTAUS_undef7.en,0.015 0 0.05 0.017 0 0.018 0.19 0.055 0.131 0.012 0.049 0.003 0.047 0.011 0.001 0.005 0.042 0.098 0.006 0.002 0.016 0.001 0.067 0.023 0.019 0 0 0.009 0.008 0.106 
English/CSTAUS_undef8.en,0.019 0.001 0.044 0.013 0.007 0.028 0.163 0.066 0.117 0.002 0.051 0 0.055 0.003 0.004 0.008 0.038 0.103 0.006 0.005 0.015 0.003 0.04 0.038 0.005 0.009 0 0.014 0.011 0.133 
English/CSTAUS_undef9.en,0.028 0 0.047 0.034 0.002 0.019 0.154 0.09 0.132 0 0.035 0.002 0.053 0.01 0.006 0.007 0.034 0.107 0.003 0.002 0.018 0 0.028 0.036 0.005 0.002 0 0.006 0.014 0.123 
English/D_CKTAUS_electronics1.en,0.561 0.004 0.061 0.002 0 0.002 0.187 0.003 0.015 0 0.007 0 0.02 0 0 0 0 0.008 0.012 0 0.024 0 0 0 0 0 0 0 0.002 0.091 
English/D_CKTAUS_finance1.en,0.57 0 0.014 0.002 0 0.009 0.028 0.031 0.081 0 0.005 0.008 0.007 0.003 0 0.001 0.003 0.085 0 0 0.001 0 0.007 0.006 0 0 0 0.012 0.013 0.112 
English/D_CKTAUS_hardware1.en,0.522 0.005 0.019 0.041 0.001 0.009 0.092 0.017 0.051 0 0.008 0 0.015 0 0 0.028 0.016 0.05 0.002 0 0.003 0 0.006 0.012 0.008 0.001 0 0.007 0.006 0.081 
English/D_CKTAUS_industrial1.en,0.539 0.022 0.03 0.052 0 0.015 0.112 0.01 0.022 0 0.014 0.006 0.006 0.003 0 0.006 0.011 0.029 0.002 0.003 0.01 0 0.002 0.019 0 0 0 0.005 0.008 0.073 
English/D_CKTAUS_legal1.en,0.556 0 0.016 0.004 0.002 0.01 0.03 0.04 0.082 0 0.002 0.017 0.009 0.001 0 0.004 0.003 0.079 0 0.001 0.003 0.001 0.002 0.009 0 0 0 0.004 0.019 0.107 
English/D_CKTAUS_pharma1.en,0.584 0.004 0.007 0.003 0.011 0.01 0.062 0.013 0.027 0 0.005 0.006 0.012 0.002 0.005 0.011 0.007 0.041 0.014 0.01 0.004 0.037 0 0.026 0.037 0 0 0.002 0.005 0.054 
English/D_CKTAUS_software1.en,0.576 0.006 0.011 0.004 0.006 0.009 0.053 0.009 0.031 0.008 0.033 0.003 0.012 0.007 0.004 0.007 0.022 0.042 0.009 0.005 0.005 0.015 0.01 0.017 0.021 0.006 0 0.002 0.006 0.059 
English/D_CKTAUS_undef1.en,0.553 0.008 0.017 0.008 0.007 0.015 0.045 0.017 0.048 0.001 0.02 0.006 0.01 0.003 0.004 0.011 0.012 0.042 0.003 0.007 0.006 0.006 0.027 0.009 0.011 0.001 0 0.008 0.013 0.084 
English/D_CSTAUS_business1.en,0.508 0 0.032 0.004 0.002 0.005 0.065 0.01 0.063 0 0.008 0 0.05 0.004 0.001 0.002 0.051 0.059 0 0 0 0.006 0.011 0.005 0.002 0 0 0.006 0.006 0.098 
English/D_CSTAUS_electronics1.en,0.539 0.003 0.017 0.031 0.004 0.025 0.065 0.023 0.036 0 0.012 0.003 0.004 0.002 0.007 0.009 0.071 0.031 0.012 0.002 0.006 0.01 0.001 0.009 0.01 0 0 0.004 0.009 0.055 
English/D_CSTAUS_hardware1.en,0.498 0.004 0.021 0.029 0.001 0.022 0.084 0.009 0.045 0 0.017 0.002 0.011 0.001 0 0.026 0.031 0.048 0.024 0 0.017 0.001 0.008 0.004 0.005 0.002 0 0.008 0.006 0.075 
English/D_CSTAUS_industrial1.en,0.497 0.005 0.04 0.014 0.003 0.012 0.086 0.011 0.064 0 0.026 0 0.05 0.011 0.002 0.006 0.018 0.029 0.004 0.003 0.02 0.001 0.006 0.009 0.002 0.002 0 0.003 0.006 0.069 
English/D_CSTAUS_leisure1.en,0.606 0.011 0.017 0.001 0.005 0.008 0.046 0.009 0.031 0.001 0.019 0.003 0.006 0.033 0.003 0.003 0.023 0.04 0.002 0.002 0.002 0.006 0.012 0.01 0.019 0.002 0 0.003 0.009 0.065 
English/D_CSTAUS_software1.en,0.557 0.001 0.044 0.017 0.004 0.006 0.102 0.008 0.039 0 0.01 0.002 0.011 0.001 0 0.003 0.028 0.036 0.018 0.001 0.014 0 0.004 0.007 0.005 0 0 0.004 0.005 0.076 
English/D_CSTAUS_undef1.en,0.47 0 0.032 0.013 0 0.01 0.06 0.028 0.056 0 0.061 0.002 0.025 0.007 0.008 0 0.024 0.045 0.007 0 0.012 0.001 0.015 0.008 0.012 0.008 0 0.003 0.01 0.082 
Dutch/CKTAUS_electronics1.nl,0.011 0.005 0.16 0 0 0.004 0.264 0.009 0.123 0.003 0.085 0.005 0.028 0.002 0.015 0 0.034 0.071 0.004 0.004 0.011 0.013 0.111 0.001 0.014 0.003 0 0 0 0.019 
Dutch/CKTAUS_finance10.nl,0.024 0.001 0.018 0 0.008 0.009 0.046 0.002 0.35 0.005 0.083 0.008 0.016 0.026 0 0.005 0.018 0.203 0.009 0.028 0.007 0.012 0.056 0.015 0.019 0.002 0 0 0.003 0.027 
Dutch/CKTAUS_finance11.nl,0.024 0.002 0.018 0.001 0.009 0.01 0.04 0 0.345 0.005 0.074 0.007 0.018 0.019 0.001 0.008 0.024 0.218 0.008 0.028 0.006 0.013 0.062 0.014 0.016 0.003 0 0.001 0.002 0.024 
Dutch/CKTAUS_finance12.nl,0.023 0.002 0.02 0 0.008 0.009 0.041 0 0.337 0.004 0.086 0.008 0.016 0.023 0 0.006 0.024 0.204 0.007 0.029 0.006 0.014 0.07 0.011 0.018 0.003 0 0.001 0.003 0.025 
Dutch/CKTAUS_finance13.nl,0.022 0.002 0.034 0.001 0.009 0.01 0.047 0.001 0.327 0.006 0.079 0.005 0.017 0.02 0.002 0.005 0.019 0.207 0.009 0.026 0.008 0.011 0.07 0.013 0.021 0.001 0 0.003 0.002 0.024 
Dutch/CKTAUS_finance14.nl,0.024 0.001 0.025 0.007 0.009 0.013 0.043 0.002 0.333 0.007 0.071 0.007 0.018 0.017 0.002 0.003 0.021 0.204 0.008 0.029 0.006 0.014 0.067 0.017 0.023 0.002 0 0.002 0.003 0.023 
Dutch/CKTAUS_finance15.nl,0.023 0.003 0.025 0.002 0.008 0.01 0.041 0 0.348 0.007 0.074 0.007 0.019 0.017 0.001 0.006 0.02 0.201 0.008 0.031 0.005 0.015 0.064 0.015 0.02 0.003 0 0.002 0.004 0.02 
Dutch/CKTAUS_finance16.nl,0.018 0.003 0.019 0.002 0.009 0.014 0.046 0 0.34 0.005 0.08 0.005 0.016 0.02 0 0.011 0.019 0.205 0.009 0.024 0.007 0.014 0.066 0.016 0.025 0.001 0 0.001 0 0.023 
Dutch/CKTAUS_finance17.nl,0.037 0.002 0.021 0.002 0.011 0.01 0.046 0.002 0.322 0.004 0.078 0.005 0.018 0.017 0.002 0.006 0.02 0.192 0.011 0.036 0.005 0.023 0.062 0.015 0.021 0.004 0 0 0.001 0.025 
Dutch/CKTAUS_finance18.nl,0.028 0.001 0.018 0.002 0.014 0.012 0.041 0 0.331 0.005 0.074 0.005 0.019 0.018 0.005 0.003 0.022 0.209 0.01 0.033 0.005 0.015 0.062 0.013 0.027 0.001 0 0.001 0.004 0.023 
Dutch/CKTAUS_finance19.nl,0.031 0.002 0.024 0.002 0.015 0.009 0.046 0 0.332 0.005 0.077 0.006 0.019 0.016 0.005 0.006 0.018 0.196 0.009 0.03 0.005 0.016 0.064 0.015 0.021 0.003 0 0.001 0.002 0.022 
Dutch/CKTAUS_finance1.nl,0.031 0.002 0.025 0.002 0.014 0.011 0.042 0.002 0.316 0.004 0.07 0.006 0.016 0.02 0.012 0.006 0.02 0.201 0.009 0.029 0.006 0.015 0.076 0.016 0.022 0.003 0 0 0.003 0.02 
Dutch/CKTAUS_finance20.nl,0.029 0 0.021 0.001 0.009 0.012 0.041 0.001 0.326 0.004 0.072 0.007 0.018 0.019 0.006 0.006 0.021 0.202 0.007 0.032 0.003 0.025 0.068 0.015 0.024 0.004 0 0 0.003 0.022 
Dutch/CKTAUS_finance21.nl,0.032 0.002 0.02 0 0.011 0.008 0.047 0.002 0.324 0.007 0.084 0.005 0.017 0.019 0.005 0.005 0.022 0.197 0.008 0.028 0.006 0.023 0.064 0.013 0.021 0.002 0 0 0.003 0.026 
Dutch/CKTAUS_finance2.nl,0.023 0.002 0.019 0.001 0.014 0.012 0.04 0.001 0.342 0.003 0.073 0.005 0.019 0.02 0.005 0.005 0.023 0.199 0.011 0.023 0.005 0.015 0.066 0.016 0.027 0.001 0 0.001 0.003 0.025 
Dutch/CKTAUS_finance3.nl,0.032 0.002 0.023 0.001 0.01 0.009 0.045 0.001 0.331 0.005 0.078 0.004 0.017 0.017 0.006 0.003 0.023 0.196 0.009 0.029 0.007 0.013 0.068 0.013 0.027 0.003 0 0.001 0.003 0.024 
Dutch/CKTAUS_finance4.nl,0.03 0.003 0.019 0.001 0.011 0.008 0.045 0.001 0.332 0.007 0.07 0.006 0.017 0.022 0.003 0.006 0.022 0.2 0.009 0.035 0.005 0.013 0.066 0.013 0.027 0.001 0 0.001 0.003 0.023 
Dutch/CKTAUS_finance5.nl,0.035 0.002 0.021 0.001 0.013 0.011 0.045 0.001 0.326 0.005 0.078 0.007 0.018 0.019 0.004 0.005 0.024 0.192 0.009 0.023 0.006 0.021 0.064 0.014 0.026 0.002 0 0 0.004 0.021 
Dutch/CKTAUS_finance6.nl,0.027 0.002 0.02 0 0.009 0.011 0.044 0.001 0.322 0.007 0.082 0.005 0.019 0.016 0.002 0.006 0.023 0.195 0.008 0.029 0.006 0.018 0.067 0.016 0.037 0.002 0 0.001 0.002 0.023 
Dutch/CKTAUS_finance7.nl,0.027 0.001 0.022 0.001 0.012 0.014 0.047 0.002 0.323 0.006 0.071 0.006 0.016 0.019 0.006 0.004 0.021 0.203 0.009 0.024 0.006 0.017 0.059 0.018 0.041 0 0 0 0.002 0.022 
Dutch/CKTAUS_finance8.nl,0.026 0.002 0.017 0.001 0.01 0.012 0.037 0 0.334 0.004 0.079 0.006 0.016 0.018 0.003 0.007 0.024 0.203 0.008 0.026 0.005 0.015 0.062 0.014 0.046 0.001 0 0.001 0.003 0.02 
Dutch/CKTAUS_finance9.nl,0.025 0.002 0.022 0.001 0.011 0.01 0.046 0.003 0.319 0.007 0.082 0.004 0.018 0.015 0.005 0.003 0.021 0.202 0.01 0.028 0.007 0.015 0.062 0.013 0.046 0 0 0 0.003 0.02 
Dutch/CKTAUS_hardware1.nl,0.009 0 0.052 0 0.012 0.013 0.074 0 0.081 0 0.042 0.007 0.026 0.012 0.013 0 0.043 0.076 0.009 0.007 0.011 0.035 0.113 0.008 0.35 0.001 0 0 0.001 0.004 
Dutch/CKTAUS_industrial1.nl,0.024 0.004 0.069 0 0.006 0.001 0.217 0 0.098 0.019 0.055 0.006 0.016 0.008 0.006 0 0.037 0.042 0.008 0.022 0.012 0.028 0.052 0.025 0.236 0.003 0 0 0 0.005 
Dutch/CKTAUS_industrial2.nl,0.017 0.001 0.062 0 0.008 0.005 0.225 0 0.093 0.021 0.062 0.004 0.017 0.007 0.008 0.001 0.031 0.04 0.009 0.03 0.004 0.038 0.058 0.036 0.217 0.003 0 0 0 0.004 
Dutch/CKTAUS_industrial3.nl,0.023 0 0.061 0 0.002 0.001 0.232 0 0.08 0.019 0.066 0.004 0.016 0.012 0.008 0 0.028 0.039 0.007 0.025 0.012 0.028 0.061 0.035 0.231 0.002 0 0 0 0.007 
Dutch/CKTAUS_industrial4.nl,0.016 0.003 0.074 0 0.004 0 0.191 0 0.117 0.02 0.064 0.008 0.013 0.008 0.006 0 0.044 0.046 0.007 0.023 0.006 0.035 0.059 0.033 0.201 0.006 0 0 0.005 0.01 
Dutch/CKTAUS_industrial5.nl,0.021 0 0.096 0 0.003 0.008 0.214 0 0.099 0.01 0.077 0 0.019 0.02 0.009 0 0.035 0.035 0.001 0.015 0.005 0.033 0.072 0.023 0.185 0.008 0.001 0 0.001 0.01 
Dutch/CKTAUS_legal10.nl,0.041 0.003 0.048 0 0.015 0.033 0.052 0 0.313 0.015 0.049 0.004 0.008 0.022 0.001 0 0.022 0.154 0.022 0.002 0.005 0.049 0.037 0.047 0.025 0.01 0 0.005 0 0.02 
Dutch/CKTAUS_legal11.nl,0.052 0.003 0.04 0 0.014 0.02 0.044 0 0.35 0.016 0.056 0.002 0.007 0.01 0.004 0 0.025 0.179 0.013 0.003 0.011 0.016 0.039 0.027 0.032 0.016 0 0.001 0.001 0.018 
Dutch/CKTAUS_legal12.nl,0.039 0.002 0.031 0 0.016 0.015 0.062 0 0.331 0.007 0.059 0.002 0.009 0.014 0.008 0 0.027 0.174 0.02 0.005 0.001 0.019 0.051 0.031 0.042 0.02 0 0 0.001 0.011 
Dutch/CKTAUS_legal13.nl,0.046 0.012 0.063 0.006 0.017 0.003 0.058 0 0.238 0.002 0.115 0.002 0.013 0.012 0.003 0.006 0.029 0.178 0.011 0.007 0.004 0.011 0.051 0.026 0.042 0.031 0 0 0.002 0.012 
Dutch/CKTAUS_legal14.nl,0.05 0.009 0.032 0.005 0.014 0.004 0.057 0 0.26 0.005 0.141 0.001 0.017 0 0 0.003 0.032 0.17 0.011 0.003 0.002 0.005 0.053 0.023 0.078 0.008 0 0 0 0.017 
Dutch/CKTAUS_legal15.nl,0.054 0 0.03 0 0.006 0.023 0.07 0.003 0.257 0.003 0.108 0.004 0.016 0.01 0.002 0.001 0.055 0.164 0.006 0.004 0.007 0.014 0.057 0.029 0.053 0.008 0 0 0.003 0.011 
Dutch/CKTAUS_legal16.nl,0.043 0.009 0.022 0.039 0.005 0.012 0.058 0 0.239 0.002 0.152 0.003 0.018 0.006 0 0 0.037 0.119 0.009 0.014 0.004 0.006 0.072 0.036 0.065 0.016 0 0 0.004 0.011 
Dutch/CKTAUS_legal17.nl,0.055 0.012 0.023 0.022 0.009 0.008 0.071 0 0.248 0.001 0.109 0.007 0.018 0.012 0.002 0 0.024 0.146 0.013 0.008 0.005 0.016 0.061 0.035 0.057 0.012 0 0 0.003 0.025 
Dutch/CKTAUS_legal18.nl,0.065 0.005 0.035 0 0.017 0.013 0.065 0 0.315 0.009 0.072 0.003 0.011 0.013 0.002 0.001 0.022 0.173 0.018 0.008 0 0.011 0.045 0.032 0.029 0.005 0 0 0.003 0.026 
Dutch/CKTAUS_legal19.nl,0.044 0.003 0.038 0.001 0.021 0.014 0.066 0 0.287 0 0.08 0.004 0.014 0.01 0.004 0 0.057 0.181 0.015 0.005 0.004 0.011 0.054 0.027 0.028 0.008 0 0 0 0.023 
Dutch/CKTAUS_legal1.nl,0.051 0.003 0.021 0 0.004 0.021 0.047 0 0.307 0.005 0.061 0.004 0.035 0.016 0.003 0 0.071 0.153 0.017 0.003 0.002 0.035 0.041 0.031 0.052 0.006 0 0 0 0.012 
Dutch/CKTAUS_legal20.nl,0.062 0.005 0.033 0 0.015 0.009 0.066 0 0.285 0.004 0.074 0.002 0.052 0.009 0.001 0 0.035 0.156 0.025 0.004 0.001 0.012 0.046 0.022 0.054 0.001 0 0 0.002 0.025 
Dutch/CKTAUS_legal21.nl,0.062 0.004 0.029 0 0.011 0.014 0.047 0 0.298 0.004 0.066 0.001 0.012 0.021 0.001 0.006 0.077 0.145 0.013 0.002 0.006 0.006 0.047 0.021 0.047 0 0 0 0.009 0.053 
Dutch/CKTAUS_legal2.nl,0.046 0.006 0.046 0 0.013 0.024 0.075 0 0.269 0.003 0.062 0.007 0.013 0.013 0.003 0.001 0.058 0.159 0.015 0.004 0.01 0.032 0.052 0.029 0.033 0.01 0 0 0.001 0.018 
Dutch/CKTAUS_legal3.nl,0.063 0.008 0.034 0.014 0.007 0.005 0.065 0 0.261 0.002 0.09 0.001 0.027 0.017 0.002 0 0.081 0.107 0.008 0.016 0.003 0.01 0.06 0.011 0.095 0 0 0 0 0.012 
Dutch/CKTAUS_legal4.nl,0.023 0.051 0.021 0 0.005 0.001 0.033 0 0.199 0 0.09 0.046 0.012 0.003 0 0 0.145 0.061 0 0.022 0.029 0.068 0.052 0.002 0.129 0 0 0 0 0.007 
Dutch/CKTAUS_legal5.nl,0.055 0.014 0.031 0 0.011 0.001 0.054 0 0.254 0 0.07 0.003 0.045 0.022 0 0 0.081 0.125 0.017 0.006 0.004 0.009 0.04 0.018 0.092 0.006 0 0 0 0.039 
Dutch/CKTAUS_legal6.nl,0.057 0.001 0.031 0 0.017 0.009 0.042 0 0.322 0.004 0.07 0.002 0.019 0.009 0.001 0.002 0.053 0.153 0.035 0.003 0.001 0.011 0.065 0.023 0.035 0.004 0 0 0 0.032 
Dutch/CKTAUS_legal7.nl,0.045 0.006 0.054 0.001 0.009 0.005 0.055 0 0.287 0.002 0.082 0.002 0.012 0.011 0.002 0.004 0.045 0.155 0.02 0.014 0.002 0.008 0.055 0.028 0.058 0.002 0 0 0 0.04 
Dutch/CKTAUS_legal8.nl,0.047 0 0.039 0.002 0.012 0.013 0.058 0 0.321 0.008 0.065 0.005 0.019 0.012 0.001 0 0.031 0.162 0.019 0.004 0.002 0.014 0.055 0.027 0.054 0.007 0 0 0 0.02 
Dutch/CKTAUS_legal9.nl,0.077 0.011 0.037 0.006 0.018 0.007 0.062 0 0.295 0.005 0.106 0.001 0.026 0.012 0.002 0 0.038 0.123 0.012 0.004 0.011 0.004 0.04 0.035 0.047 0.009 0 0 0 0.009 
Dutch/CKTAUS_pharma10.nl,0.019 0 0.039 0.001 0 0.005 0.083 0 0.153 0.002 0.113 0.005 0.024 0.019 0.005 0.011 0.261 0.059 0.049 0.001 0.004 0.027 0.058 0.004 0.038 0.006 0 0 0.002 0.013 
Dutch/CKTAUS_pharma11.nl,0.022 0.001 0.091 0.005 0.008 0.008 0.085 0 0.152 0.007 0.119 0.003 0.011 0.025 0.028 0.006 0.117 0.081 0.031 0 0 0.02 0.08 0.004 0.032 0.033 0 0 0 0.031 
Dutch/CKTAUS_pharma12.nl,0.039 0.01 0.035 0.007 0.015 0.007 0.081 0 0.18 0.006 0.062 0.003 0.024 0.012 0 0.009 0.152 0.064 0.022 0.001 0.146 0.028 0.044 0.005 0.024 0.004 0 0 0.001 0.02 
Dutch/CKTAUS_pharma13.nl,0.034 0.006 0.072 0.003 0.006 0.01 0.093 0 0.159 0 0.057 0.004 0.035 0.069 0.007 0.007 0.142 0.092 0.029 0.001 0.021 0.026 0.064 0.005 0.033 0.001 0.001 0 0.001 0.023 
Dutch/CKTAUS_pharma14.nl,0.038 0.006 0.079 0.001 0.005 0.002 0.16 0 0.153 0.009 0.071 0.006 0.053 0.038 0.001 0.013 0.128 0.058 0.019 0.001 0.029 0.019 0.049 0.008 0.017 0.003 0 0 0 0.034 
Dutch/CKTAUS_pharma15.nl,0.037 0.078 0.084 0.001 0.001 0.002 0.124 0 0.14 0.002 0.053 0.003 0.021 0.029 0.005 0.007 0.142 0.061 0.027 0.001 0.032 0.013 0.037 0.008 0.022 0.015 0 0 0 0.055 
Dutch/CKTAUS_pharma16.nl,0.02 0.015 0.071 0.013 0 0.03 0.132 0 0.134 0 0.045 0.006 0.051 0.032 0 0.004 0.163 0.073 0.022 0.002 0.03 0.013 0.061 0.008 0.023 0.002 0 0 0.001 0.048 
Dutch/CKTAUS_pharma17.nl,0.024 0.022 0.033 0.014 0.009 0.007 0.136 0.021 0.221 0 0.074 0.002 0.019 0.019 0.003 0.011 0.133 0.082 0.016 0 0.021 0.016 0.032 0.003 0.015 0.007 0 0 0.006 0.052 
Dutch/CKTAUS_pharma18.nl,0.038 0.007 0.043 0.003 0.003 0.006 0.047 0.047 0.214 0.001 0.081 0.006 0.012 0.017 0.001 0.003 0.118 0.089 0.019 0.004 0.012 0.012 0.079 0.058 0.028 0.005 0.001 0 0.011 0.036 
Dutch/CKTAUS_pharma19.nl,0.025 0.014 0.071 0.004 0.003 0.002 0.059 0.01 0.176 0 0.048 0.007 0.021 0.017 0.001 0.003 0.123 0.095 0.015 0 0.023 0.007 0.097 0.008 0.027 0.005 0 0 0.007 0.132 
Dutch/CKTAUS_pharma1.nl,0.018 0.004 0.035 0.096 0.005 0.016 0.082 0.009 0.171 0 0.063 0.005 0.023 0.013 0 0.012 0.143 0.089 0.025 0.007 0.035 0.021 0.046 0.003 0.033 0.001 0 0 0.01 0.036 
Dutch/CKTAUS_pharma20.nl,0.039 0.009 0.03 0.001 0.004 0.007 0.073 0.024 0.218 0.001 0.06 0.002 0.024 0.031 0 0.012 0.099 0.164 0.015 0 0.02 0.005 0.045 0.013 0.024 0.005 0 0 0.016 0.057 
Dutch/CKTAUS_pharma21.nl,0.047 0.001 0.044 0.003 0.003 0.011 0.066 0.028 0.207 0 0.059 0.005 0.019 0.017 0 0.013 0.128 0.165 0.009 0 0.024 0.004 0.048 0.007 0.022 0.005 0 0 0.009 0.056 
Dutch/CKTAUS_pharma2.nl,0.04 0 0.023 0.01 0.001 0.013 0.085 0.05 0.171 0 0.051 0.004 0.019 0.021 0.001 0.009 0.119 0.167 0.026 0.001 0.009 0.011 0.055 0.014 0.036 0.008 0 0 0.011 0.045 
Dutch/CKTAUS_pharma3.nl,0.03 0.003 0.053 0.011 0.001 0 0.076 0 0.235 0.001 0.088 0.011 0.024 0.013 0 0.008 0.149 0.109 0.022 0.002 0.008 0.006 0.028 0.007 0.036 0.007 0 0 0.004 0.066 
Dutch/CKTAUS_pharma4.nl,0.027 0.003 0.027 0.007 0.002 0.001 0.065 0.008 0.261 0.001 0.071 0.015 0.03 0.012 0 0.01 0.119 0.124 0.017 0.002 0.005 0.013 0.058 0.004 0.063 0.017 0 0 0.006 0.031 
Dutch/CKTAUS_pharma5.nl,0.056 0.004 0.034 0.003 0.001 0.003 0.067 0.008 0.198 0 0.118 0.007 0.022 0.015 0.001 0.012 0.133 0.094 0.021 0.01 0.022 0.008 0.052 0.005 0.025 0.011 0.001 0.003 0.015 0.051 
Dutch/CKTAUS_pharma6.nl,0.033 0.001 0.032 0.003 0.013 0.001 0.096 0.011 0.17 0.003 0.083 0.003 0.019 0.026 0.005 0.004 0.142 0.137 0.028 0 0.007 0.018 0.032 0.003 0.018 0.016 0 0.001 0.003 0.091 
Dutch/CKTAUS_pharma7.nl,0.035 0.004 0.035 0.011 0.005 0.001 0.095 0.008 0.243 0.003 0.069 0.006 0.028 0.019 0 0.006 0.098 0.127 0.014 0.001 0.026 0.006 0.059 0.004 0.018 0.007 0 0 0.002 0.069 
Dutch/CKTAUS_pharma8.nl,0.034 0 0.038 0.004 0.006 0.004 0.075 0.005 0.203 0.001 0.066 0.017 0.023 0.019 0 0.005 0.126 0.132 0.013 0 0.025 0.013 0.074 0.008 0.028 0 0 0.007 0.022 0.051 
Dutch/CKTAUS_pharma9.nl,0.033 0.005 0.04 0.003 0.001 0.003 0.123 0.009 0.138 0 0.084 0.007 0.017 0.026 0 0.003 0.178 0.12 0.012 0.006 0.007 0.012 0.072 0.004 0.029 0.001 0 0 0.031 0.036 
Dutch/CKTAUS_software10.nl,0.03 0.009 0.032 0.01 0.005 0.01 0.077 0.016 0.199 0.003 0.074 0.009 0.024 0.02 0.001 0.008 0.122 0.123 0.016 0.003 0.02 0.01 0.049 0.009 0.027 0.009 0 0.006 0.021 0.06 
Dutch/CKTAUS_software11.nl,0.031 0.006 0.033 0.011 0.005 0.006 0.076 0.017 0.2 0.003 0.078 0.006 0.021 0.018 0.002 0.008 0.118 0.127 0.016 0.001 0.016 0.014 0.06 0.008 0.025 0.01 0 0.001 0.021 0.063 
Dutch/CKTAUS_software12.nl,0.041 0.008 0.039 0.008 0.005 0.007 0.077 0.018 0.208 0.004 0.069 0.005 0.02 0.018 0.004 0.01 0.121 0.121 0.017 0 0.017 0.011 0.05 0.008 0.021 0.006 0 0.005 0.018 0.064 
Dutch/CKTAUS_software13.nl,0.037 0.005 0.033 0.01 0.003 0.004 0.078 0.017 0.194 0.003 0.079 0.008 0.022 0.019 0.001 0.008 0.115 0.125 0.019 0.002 0.022 0.014 0.058 0.01 0.026 0.007 0 0.002 0.023 0.056 
Dutch/CKTAUS_software14.nl,0.032 0.01 0.037 0.009 0.006 0.006 0.078 0.017 0.208 0.003 0.063 0.008 0.018 0.025 0.001 0.01 0.117 0.124 0.017 0.003 0.019 0.012 0.061 0.009 0.022 0.009 0 0.003 0.02 0.054 
Dutch/CKTAUS_software1.nl,0.025 0.004 0.064 0.006 0.005 0.01 0.1 0.012 0.208 0.001 0.063 0.013 0.017 0.014 0.003 0.005 0.087 0.11 0.008 0.008 0.012 0.018 0.074 0.022 0.042 0.002 0 0.003 0.018 0.046 
Dutch/CKTAUS_software2.nl,0.032 0.009 0.039 0.007 0.003 0.004 0.085 0.017 0.204 0.003 0.073 0.004 0.019 0.023 0.001 0.009 0.115 0.127 0.015 0.003 0.018 0.017 0.055 0.011 0.026 0.009 0 0.002 0.013 0.057 
Dutch/CKTAUS_software3.nl,0.03 0.008 0.037 0.008 0.004 0.009 0.078 0.017 0.206 0.001 0.074 0.011 0.02 0.021 0.002 0.007 0.116 0.12 0.019 0.001 0.023 0.013 0.06 0.007 0.022 0.007 0 0.003 0.013 0.063 
Dutch/CKTAUS_software4.nl,0.032 0.007 0.041 0.008 0.007 0.006 0.08 0.02 0.201 0.002 0.067 0.009 0.021 0.022 0.002 0.007 0.118 0.127 0.018 0 0.021 0.013 0.052 0.01 0.021 0.005 0 0.004 0.017 0.06 
Dutch/CKTAUS_software5.nl,0.034 0.008 0.039 0.007 0.005 0.007 0.075 0.021 0.201 0.002 0.075 0.01 0.02 0.02 0.002 0.008 0.129 0.12 0.013 0.002 0.016 0.017 0.049 0.009 0.025 0.01 0 0.002 0.015 0.06 
Dutch/CKTAUS_software6.nl,0.028 0.009 0.039 0.009 0.005 0.006 0.072 0.016 0.194 0.002 0.074 0.006 0.023 0.018 0.001 0.011 0.127 0.126 0.015 0.003 0.017 0.018 0.062 0.008 0.023 0.008 0 0.004 0.015 0.062 
Dutch/CKTAUS_software7.nl,0.034 0.012 0.035 0.012 0.005 0.005 0.077 0.015 0.208 0.004 0.077 0.007 0.02 0.018 0.002 0.008 0.123 0.127 0.02 0 0.015 0.013 0.047 0.011 0.021 0.004 0 0.006 0.016 0.055 
Dutch/CKTAUS_software8.nl,0.034 0.008 0.035 0.009 0.004 0.007 0.079 0.014 0.203 0.004 0.07 0.009 0.024 0.019 0.001 0.01 0.122 0.129 0.02 0.003 0.022 0.014 0.048 0.011 0.022 0.005 0 0.003 0.019 0.051 
Dutch/CKTAUS_software9.nl,0.032 0.008 0.042 0.008 0.005 0.011 0.084 0.019 0.208 0.003 0.067 0.006 0.023 0.02 0.001 0.009 0.128 0.121 0.016 0.001 0.02 0.011 0.055 0.007 0.02 0.007 0 0.003 0.016 0.048 
Dutch/CKTAUS_undef1.nl,0.034 0.001 0.064 0.003 0.012 0.002 0.076 0.008 0.176 0.008 0.056 0.001 0.068 0.01 0.003 0.009 0.08 0.125 0.004 0.014 0.003 0.011 0.077 0.016 0.073 0.02 0 0.002 0.012 0.034 
Dutch/CKTAUS_undef2.nl,0.042 0.002 0.035 0.002 0.014 0.007 0.044 0.008 0.351 0.004 0.046 0.009 0.016 0.007 0.001 0.002 0.036 0.191 0.009 0.004 0 0.011 0.054 0.025 0.059 0.002 0 0.001 0.006 0.016 
Dutch/CKTAUS_undef3.nl,0.05 0 0.027 0.003 0.008 0.008 0.05 0.004 0.374 0.005 0.049 0.013 0.016 0.008 0.002 0 0.027 0.201 0.012 0.005 0 0.013 0.05 0.022 0.035 0.001 0 0 0.005 0.012 
Dutch/CKTAUS_undef4.nl,0.043 0 0.029 0.003 0.009 0.009 0.052 0.005 0.377 0.006 0.048 0.012 0.013 0.01 0 0.002 0.032 0.2 0.009 0.004 0 0.013 0.045 0.021 0.035 0.001 0 0 0.006 0.015 
Dutch/CKTAUS_undef5.nl,0.033 0 0.043 0.002 0.005 0.028 0.074 0.02 0.219 0.003 0.054 0.033 0.022 0.015 0.008 0.001 0.035 0.169 0.006 0.005 0.001 0.023 0.059 0.012 0.067 0.017 0 0.007 0.018 0.023 
Dutch/CKTAUS_undef6.nl,0.034 0.001 0.038 0 0.001 0.039 0.092 0.007 0.166 0.002 0.054 0.028 0.009 0.027 0.002 0 0.091 0.173 0.001 0.005 0.003 0.029 0.062 0.01 0.067 0.009 0 0.005 0.014 0.031 
Dutch/CSTAUS_business10.nl,0.021 0.004 0.043 0.002 0.003 0.003 0.094 0.011 0.234 0 0.041 0.022 0.039 0.018 0.007 0.006 0.035 0.131 0.003 0 0.008 0.022 0.069 0.016 0.074 0.016 0 0.016 0.009 0.053 
Dutch/CSTAUS_business11.nl,0.021 0.003 0.059 0.001 0.005 0.006 0.083 0.017 0.227 0 0.04 0.024 0.028 0.007 0.006 0.004 0.028 0.122 0 0.001 0 0.025 0.096 0.01 0.08 0.037 0 0.02 0.011 0.041 
Dutch/CSTAUS_business12.nl,0.021 0.004 0.061 0.001 0.004 0.016 0.091 0.018 0.224 0.001 0.036 0.014 0.034 0.012 0.009 0.006 0.026 0.15 0 0 0 0.046 0.057 0.016 0.078 0.019 0 0.013 0.013 0.031 
Dutch/CSTAUS_business13.nl,0.025 0.006 0.042 0 0.004 0.006 0.088 0.023 0.25 0 0.033 0.015 0.022 0.018 0.008 0.007 0.026 0.136 0 0.003 0.001 0.016 0.094 0.015 0.083 0.014 0 0.007 0.014 0.043 
Dutch/CSTAUS_business14.nl,0.046 0.004 0.046 0 0.005 0.004 0.103 0.012 0.229 0 0.041 0.022 0.029 0.019 0.011 0.005 0.027 0.133 0 0.002 0 0.017 0.08 0.014 0.089 0.013 0 0.008 0.003 0.041 
Dutch/CSTAUS_business15.nl,0.035 0.006 0.043 0 0.004 0.01 0.092 0.013 0.222 0.006 0.043 0.02 0.036 0.017 0.006 0.005 0.027 0.132 0 0.006 0 0.017 0.074 0.021 0.093 0.02 0 0.006 0.007 0.038 
Dutch/CSTAUS_business16.nl,0.022 0.004 0.065 0.001 0.007 0.015 0.089 0.01 0.226 0 0.036 0.012 0.038 0.009 0.007 0.003 0.037 0.143 0 0.001 0 0.047 0.079 0.016 0.071 0.008 0 0.004 0.011 0.039 
Dutch/CSTAUS_business17.nl,0.033 0.001 0.051 0 0.005 0.005 0.1 0.006 0.217 0 0.037 0.023 0.042 0.014 0.01 0.005 0.02 0.154 0 0.004 0 0.019 0.078 0.018 0.086 0.018 0 0.014 0.011 0.028 
Dutch/CSTAUS_business18.nl,0.018 0.002 0.046 0 0.008 0.016 0.098 0.018 0.204 0 0.042 0.011 0.036 0.008 0.01 0.003 0.032 0.149 0.001 0.004 0 0.02 0.095 0.016 0.092 0.022 0 0.007 0.015 0.026 
Dutch/CSTAUS_business19.nl,0.026 0.005 0.061 0.001 0.004 0.005 0.088 0.013 0.224 0 0.045 0.02 0.029 0.01 0.007 0.003 0.032 0.132 0.001 0.002 0 0.024 0.089 0.023 0.071 0.017 0 0.008 0.02 0.039 
Dutch/CSTAUS_business1.nl,0.011 0.012 0.036 0 0.011 0.014 0.086 0.02 0.225 0.001 0.053 0.031 0.023 0.002 0.005 0.002 0.034 0.151 0 0 0 0.024 0.096 0.015 0.076 0.013 0 0.006 0.009 0.042 
Dutch/CSTAUS_business20.nl,0.029 0.007 0.048 0 0.004 0.01 0.096 0.018 0.23 0 0.027 0.022 0.018 0.019 0.005 0.004 0.031 0.156 0 0 0 0.022 0.073 0.019 0.089 0.018 0 0.008 0.008 0.038 
Dutch/CSTAUS_business21.nl,0.032 0.003 0.061 0 0.006 0.012 0.083 0.01 0.224 0 0.027 0.022 0.03 0.014 0.01 0.008 0.026 0.137 0 0.002 0.001 0.028 0.079 0.019 0.088 0.007 0 0.018 0.011 0.041 
Dutch/CSTAUS_business2.nl,0.025 0.012 0.054 0 0.013 0.005 0.096 0.009 0.234 0.001 0.052 0.016 0.025 0.016 0.006 0.01 0.033 0.121 0.001 0.001 0 0.02 0.094 0.02 0.078 0.011 0 0.001 0.003 0.041 
Dutch/CSTAUS_business3.nl,0.021 0.006 0.042 0 0.011 0.001 0.114 0.017 0.243 0.002 0.031 0.018 0.037 0.035 0.003 0.002 0.044 0.137 0.001 0.001 0.001 0.023 0.075 0.012 0.082 0.004 0 0.001 0.006 0.031 
Dutch/CSTAUS_business4.nl,0.029 0.014 0.039 0.001 0.008 0.008 0.107 0.014 0.23 0 0.062 0.015 0.03 0.015 0.001 0.001 0.028 0.137 0.001 0.011 0 0.025 0.086 0.009 0.075 0.007 0 0.002 0.013 0.033 
Dutch/CSTAUS_business5.nl,0.018 0.012 0.042 0 0.006 0.008 0.116 0.019 0.223 0 0.054 0.012 0.037 0.015 0.005 0.001 0.023 0.129 0.002 0 0 0.045 0.059 0.016 0.08 0.018 0 0.004 0.018 0.039 
Dutch/CSTAUS_business6.nl,0.022 0.005 0.041 0 0.002 0.007 0.112 0.029 0.234 0 0.031 0.018 0.038 0.008 0.014 0 0.016 0.141 0 0 0.001 0.029 0.082 0.021 0.076 0.016 0 0.006 0.013 0.037 
Dutch/CSTAUS_business7.nl,0.032 0.004 0.054 0 0.007 0.005 0.108 0.016 0.224 0 0.034 0.012 0.038 0.018 0.009 0.002 0.023 0.134 0 0.001 0 0.021 0.078 0.034 0.084 0.013 0 0.009 0.01 0.03 
Dutch/CSTAUS_business8.nl,0.027 0.002 0.058 0 0.006 0.012 0.111 0.011 0.23 0.001 0.04 0.014 0.027 0.041 0.005 0.01 0.028 0.143 0 0.003 0 0.022 0.052 0.014 0.085 0.01 0 0.003 0.008 0.039 
Dutch/CSTAUS_business9.nl,0.027 0.004 0.06 0.013 0.003 0.011 0.082 0.015 0.212 0 0.038 0.019 0.038 0.021 0.006 0.004 0.021 0.135 0.001 0.001 0.001 0.024 0.078 0.01 0.087 0.019 0 0.017 0.012 0.041 
Dutch/CSTAUS_electronics1.nl,0.027 0.019 0.036 0 0.012 0.005 0.076 0.016 0.184 0.003 0.086 0.011 0.047 0.005 0.008 0 0.048 0.166 0.002 0.002 0 0.027 0.067 0.019 0.06 0.011 0 0.007 0.043 0.014 
Dutch/CSTAUS_electronics2.nl,0.032 0.019 0.045 0 0.016 0.001 0.07 0.013 0.16 0.004 0.094 0.006 0.057 0.004 0.009 0 0.06 0.137 0.006 0.003 0 0.038 0.052 0.024 0.079 0.014 0 0.013 0.027 0.017 
Dutch/CSTAUS_electronics3.nl,0.025 0.001 0.057 0 0.006 0.002 0.127 0.02 0.181 0.008 0.055 0.007 0.017 0.003 0.01 0.002 0.04 0.134 0.011 0.019 0.001 0.034 0.094 0.013 0.074 0.011 0 0.01 0.02 0.019 
Dutch/CSTAUS_hardware10.nl,0.018 0 0.055 0.001 0.015 0.011 0.077 0.01 0.154 0 0.051 0.007 0.018 0.011 0.016 0.003 0.039 0.142 0.016 0.004 0.005 0.017 0.06 0.018 0.178 0.005 0 0.006 0.025 0.037 
Dutch/CSTAUS_hardware11.nl,0.025 0.001 0.051 0.005 0.019 0.011 0.082 0.015 0.141 0.001 0.056 0.008 0.01 0.009 0.009 0.002 0.047 0.126 0.006 0.009 0.006 0.015 0.064 0.017 0.185 0.009 0 0 0.029 0.044 
Dutch/CSTAUS_hardware12.nl,0.018 0.001 0.053 0 0.012 0.016 0.097 0.014 0.138 0 0.055 0.014 0.026 0.01 0.007 0 0.045 0.122 0.002 0 0.004 0.015 0.1 0.005 0.188 0.012 0 0.004 0.011 0.03 
Dutch/CSTAUS_hardware13.nl,0.012 0.001 0.058 0.007 0.017 0.007 0.074 0.01 0.15 0.001 0.054 0.01 0.016 0.015 0.003 0.001 0.034 0.135 0.014 0.005 0.006 0.019 0.048 0.015 0.194 0.005 0 0.006 0.025 0.056 
Dutch/CSTAUS_hardware14.nl,0.031 0 0.072 0.007 0.016 0.015 0.081 0.01 0.152 0.003 0.052 0.009 0.012 0.017 0.007 0.006 0.034 0.116 0.008 0.007 0.004 0.018 0.05 0.015 0.179 0.006 0 0.006 0.029 0.036 
Dutch/CSTAUS_hardware15.nl,0.027 0.003 0.042 0.006 0.045 0.009 0.086 0.014 0.148 0 0.049 0.011 0.017 0.015 0.012 0.003 0.026 0.152 0.009 0.011 0.013 0.02 0.04 0.022 0.151 0.001 0.001 0.006 0.026 0.036 
Dutch/CSTAUS_hardware16.nl,0.017 0.005 0.056 0.003 0.011 0.011 0.083 0.02 0.138 0.001 0.058 0.006 0.02 0.017 0.01 0.005 0.048 0.124 0.012 0.01 0.005 0.025 0.072 0.021 0.155 0.009 0 0.001 0.022 0.035 
Dutch/CSTAUS_hardware17.nl,0.02 0.001 0.061 0.006 0.007 0.01 0.095 0.012 0.159 0.001 0.038 0.009 0.022 0.012 0.008 0.008 0.053 0.127 0.013 0.006 0.009 0.033 0.069 0.02 0.132 0.004 0 0.005 0.025 0.031 
Dutch/CSTAUS_hardware18.nl,0.016 0.002 0.041 0.011 0.009 0.016 0.081 0.019 0.142 0 0.05 0.005 0.017 0.017 0.015 0.012 0.051 0.135 0.019 0.007 0.007 0.025 0.072 0.019 0.14 0.003 0.001 0.008 0.025 0.035 
Dutch/CSTAUS_hardware19.nl,0.018 0.002 0.058 0.004 0.011 0.011 0.085 0.018 0.141 0.004 0.046 0.003 0.015 0.011 0.01 0.014 0.048 0.108 0.022 0.01 0.002 0.03 0.07 0.015 0.172 0.007 0 0.003 0.029 0.032 
Dutch/CSTAUS_hardware1.nl,0.023 0.003 0.04 0.007 0.006 0.009 0.08 0.012 0.129 0 0.061 0.007 0.013 0.008 0.003 0.009 0.046 0.128 0.013 0.004 0.008 0.015 0.084 0.016 0.215 0.001 0.001 0.011 0.021 0.027 
Dutch/CSTAUS_hardware20.nl,0.03 0.003 0.045 0.008 0.004 0.009 0.088 0.016 0.142 0.001 0.058 0.009 0.013 0.015 0.007 0.004 0.053 0.137 0.018 0.009 0.008 0.023 0.069 0.016 0.154 0.001 0 0.005 0.017 0.038 
Dutch/CSTAUS_hardware21.nl,0.02 0 0.042 0.003 0.004 0.004 0.078 0.012 0.154 0 0.061 0.01 0.013 0.019 0.005 0.006 0.048 0.144 0.01 0.005 0.015 0.021 0.053 0.014 0.2 0.001 0 0.002 0.022 0.031 
Dutch/CSTAUS_hardware2.nl,0.018 0.002 0.056 0.006 0.011 0.009 0.077 0.012 0.161 0 0.065 0.009 0.018 0.009 0.007 0.008 0.047 0.137 0.019 0.004 0.007 0.016 0.057 0.02 0.158 0.005 0 0.005 0.021 0.035 
Dutch/CSTAUS_hardware3.nl,0.019 0.004 0.045 0.009 0.009 0.013 0.085 0.02 0.138 0 0.052 0.008 0.017 0.008 0.003 0.008 0.038 0.142 0.015 0.003 0.01 0.025 0.066 0.02 0.167 0.007 0.001 0.013 0.022 0.035 
Dutch/CSTAUS_hardware4.nl,0.017 0 0.048 0.004 0.009 0.014 0.085 0.013 0.149 0 0.063 0.008 0.016 0.011 0.007 0.004 0.046 0.144 0.014 0.008 0.007 0.025 0.063 0.022 0.162 0.002 0 0.006 0.025 0.028 
Dutch/CSTAUS_hardware5.nl,0.013 0.004 0.069 0.002 0.012 0.007 0.095 0.016 0.141 0 0.053 0.007 0.02 0.014 0.005 0.003 0.047 0.124 0.013 0.006 0.007 0.027 0.062 0.019 0.169 0.006 0 0.006 0.019 0.033 
Dutch/CSTAUS_hardware6.nl,0.024 0.001 0.041 0.007 0.008 0.015 0.104 0.013 0.157 0.002 0.059 0.005 0.017 0.014 0.008 0.003 0.042 0.131 0.017 0.009 0.009 0.021 0.056 0.026 0.142 0.002 0 0.003 0.028 0.033 
Dutch/CSTAUS_hardware7.nl,0.024 0 0.049 0.011 0.011 0.013 0.082 0.011 0.135 0.001 0.068 0.007 0.012 0.018 0.01 0.006 0.039 0.131 0.013 0.013 0.006 0.023 0.044 0.012 0.189 0.004 0 0.006 0.025 0.039 
Dutch/CSTAUS_hardware8.nl,0.017 0.001 0.076 0.01 0.006 0.008 0.069 0.007 0.165 0.01 0.054 0.008 0.012 0.018 0.009 0.009 0.056 0.114 0.007 0.01 0.008 0.025 0.038 0.017 0.163 0.004 0.001 0.007 0.026 0.044 
Dutch/CSTAUS_hardware9.nl,0.013 0.004 0.031 0.015 0.037 0.008 0.085 0.014 0.151 0 0.045 0.009 0.014 0.014 0.018 0.004 0.031 0.14 0.012 0.015 0.006 0.017 0.055 0.022 0.175 0.002 0.001 0.004 0.024 0.034 
Dutch/CSTAUS_industrial1.nl,0.019 0.008 0.061 0.001 0.01 0.004 0.128 0.014 0.137 0 0.114 0.011 0.015 0.014 0.011 0.017 0.07 0.067 0.002 0.004 0.013 0.046 0.068 0.018 0.078 0.021 0 0.002 0.017 0.031 
Dutch/CSTAUS_industrial2.nl,0.017 0.003 0.083 0.001 0.007 0.006 0.15 0.024 0.134 0 0.104 0.014 0.023 0.003 0.008 0.015 0.061 0.069 0.001 0.012 0.008 0.03 0.1 0.013 0.052 0.016 0 0.002 0.016 0.03 
Dutch/CSTAUS_industrial3.nl,0.019 0.003 0.041 0 0.002 0.001 0.173 0.017 0.123 0 0.113 0.005 0.035 0.012 0.011 0.02 0.062 0.065 0.002 0.004 0.001 0.027 0.128 0.007 0.057 0.025 0 0.003 0.02 0.024 
Dutch/CSTAUS_leisure10.nl,0.015 0.003 0.09 0.006 0.008 0.004 0.032 0.025 0.145 0.002 0.033 0.02 0.04 0.028 0.004 0.024 0.093 0.093 0.001 0.009 0.008 0.018 0.06 0.073 0.055 0.006 0 0.013 0.023 0.069 
Dutch/CSTAUS_leisure11.nl,0.015 0.005 0.086 0.006 0.001 0.011 0.038 0.03 0.125 0.002 0.04 0.02 0.043 0.018 0.006 0.021 0.105 0.061 0.003 0.007 0.005 0.02 0.074 0.097 0.054 0.005 0 0.01 0.025 0.068 
Dutch/CSTAUS_leisure12.nl,0.012 0.003 0.083 0.005 0.006 0.012 0.04 0.026 0.142 0.001 0.03 0.024 0.035 0.016 0.008 0.03 0.1 0.071 0.002 0.011 0.003 0.022 0.075 0.086 0.047 0.003 0 0.013 0.026 0.066 
Dutch/CSTAUS_leisure13.nl,0.018 0.002 0.078 0.007 0.006 0.013 0.04 0.03 0.128 0.001 0.037 0.021 0.038 0.023 0.006 0.034 0.112 0.066 0.003 0.006 0.001 0.022 0.064 0.077 0.054 0.006 0 0.013 0.023 0.071 
Dutch/CSTAUS_leisure14.nl,0.017 0.005 0.085 0.004 0.003 0.017 0.037 0.017 0.136 0.004 0.03 0.021 0.04 0.006 0.005 0.035 0.104 0.066 0 0.01 0.008 0.023 0.084 0.084 0.054 0.005 0 0.014 0.023 0.063 
Dutch/CSTAUS_leisure15.nl,0.013 0.002 0.086 0.005 0.009 0.008 0.037 0.023 0.136 0 0.028 0.018 0.041 0.015 0.004 0.02 0.098 0.066 0.007 0.008 0.001 0.019 0.114 0.082 0.041 0.006 0 0.016 0.03 0.065 
Dutch/CSTAUS_leisure16.nl,0.009 0.003 0.089 0.005 0.009 0.006 0.036 0.02 0.125 0.001 0.03 0.025 0.041 0.016 0.007 0.026 0.091 0.069 0.001 0.007 0.003 0.015 0.12 0.088 0.051 0.004 0 0.014 0.022 0.067 
Dutch/CSTAUS_leisure17.nl,0.013 0.004 0.106 0.006 0.002 0.011 0.032 0.017 0.135 0.001 0.032 0.017 0.036 0.019 0.007 0.025 0.089 0.072 0.006 0.009 0.004 0.016 0.1 0.09 0.048 0.006 0 0.01 0.023 0.063 
Dutch/CSTAUS_leisure18.nl,0.008 0.004 0.117 0.005 0.007 0.004 0.031 0.024 0.131 0.005 0.026 0.024 0.036 0.018 0.005 0.022 0.097 0.072 0.001 0.012 0.006 0.016 0.094 0.09 0.051 0.003 0 0.015 0.021 0.056 
Dutch/CSTAUS_leisure19.nl,0.01 0.005 0.111 0.005 0.006 0.01 0.035 0.024 0.145 0.005 0.029 0.023 0.042 0.013 0.005 0.023 0.092 0.073 0.002 0.006 0.005 0.023 0.095 0.077 0.046 0.004 0 0.009 0.019 0.059 
Dutch/CSTAUS_leisure1.nl,0.015 0.001 0.136 0.003 0.002 0.007 0.032 0.025 0.126 0.002 0.025 0.018 0.041 0.019 0.006 0.024 0.101 0.062 0.002 0.009 0 0.024 0.091 0.084 0.052 0.005 0 0.013 0.018 0.056 
Dutch/CSTAUS_leisure20.nl,0.016 0.011 0.117 0.002 0.007 0.01 0.028 0.014 0.127 0.001 0.03 0.015 0.036 0.009 0.005 0.021 0.102 0.066 0.001 0.012 0.004 0.016 0.095 0.095 0.059 0.006 0 0.013 0.019 0.063 
Dutch/CSTAUS_leisure21.nl,0.013 0.004 0.118 0.01 0.007 0.011 0.029 0.017 0.136 0.005 0.028 0.02 0.03 0.004 0.004 0.021 0.1 0.059 0.006 0.01 0.008 0.012 0.102 0.091 0.049 0.006 0 0.01 0.029 0.061 
Dutch/CSTAUS_leisure2.nl,0.021 0.006 0.122 0.006 0.006 0.006 0.041 0.019 0.125 0.003 0.024 0.024 0.039 0.013 0.004 0.021 0.089 0.067 0.004 0.011 0.001 0.013 0.097 0.085 0.053 0.001 0 0.008 0.017 0.074 
Dutch/CSTAUS_leisure3.nl,0.021 0.005 0.116 0.004 0.008 0.01 0.033 0.022 0.122 0.003 0.034 0.022 0.042 0.022 0.007 0.022 0.1 0.062 0 0.006 0 0.017 0.099 0.086 0.042 0.004 0 0.009 0.02 0.063 
Dutch/CSTAUS_leisure4.nl,0.016 0.002 0.131 0.001 0.003 0.014 0.032 0.022 0.128 0.001 0.025 0.021 0.037 0.022 0.007 0.014 0.113 0.066 0.007 0.01 0.001 0.021 0.078 0.078 0.047 0.003 0 0.013 0.02 0.068 
Dutch/CSTAUS_leisure5.nl,0.014 0.001 0.123 0.004 0.007 0.008 0.03 0.017 0.139 0.001 0.032 0.022 0.04 0.008 0.009 0.012 0.11 0.064 0.007 0.012 0.007 0.011 0.094 0.079 0.049 0.004 0 0.006 0.027 0.063 
Dutch/CSTAUS_leisure6.nl,0.012 0.007 0.117 0.007 0.001 0.008 0.028 0.024 0.143 0.003 0.036 0.023 0.044 0.016 0.006 0.024 0.087 0.075 0.001 0.007 0.009 0.019 0.095 0.078 0.04 0.005 0 0.01 0.015 0.062 
Dutch/CSTAUS_leisure7.nl,0.011 0.001 0.11 0.006 0 0.006 0.032 0.016 0.136 0 0.032 0.025 0.043 0.02 0.006 0.025 0.091 0.073 0.003 0.011 0.003 0.021 0.089 0.091 0.046 0.012 0 0.012 0.025 0.055 
Dutch/CSTAUS_leisure8.nl,0.017 0.002 0.127 0.006 0.007 0.006 0.032 0.018 0.127 0.001 0.027 0.021 0.046 0.02 0.006 0.023 0.092 0.066 0.003 0.009 0.006 0.019 0.076 0.082 0.057 0.003 0 0.009 0.023 0.065 
Dutch/CSTAUS_leisure9.nl,0.017 0.003 0.123 0.005 0.003 0.008 0.03 0.022 0.127 0.001 0.031 0.02 0.039 0.01 0.004 0.023 0.102 0.068 0.003 0.008 0.009 0.021 0.092 0.08 0.056 0.004 0 0.01 0.024 0.059 
Dutch/CSTAUS_software10.nl,0.011 0.002 0.266 0 0.004 0.002 0.091 0.004 0.104 0.003 0.027 0.019 0.04 0.009 0.009 0.013 0.051 0.099 0 0.006 0 0.016 0.081 0.041 0.063 0.002 0.001 0.015 0.007 0.013 
Dutch/CSTAUS_software11.nl,0.013 0.002 0.164 0 0.003 0.002 0.131 0.001 0.141 0.021 0.038 0.03 0 0.013 0.01 0.007 0.052 0.085 0 0.008 0.001 0.009 0.089 0.007 0.095 0.023 0 0.002 0.012 0.04 
Dutch/CSTAUS_software12.nl,0.023 0.001 0.273 0.001 0 0 0.086 0.001 0.108 0.014 0.035 0.037 0.01 0.006 0.005 0 0.021 0.119 0 0.003 0.001 0.014 0.058 0.033 0.045 0.012 0 0 0.011 0.079 
Dutch/CSTAUS_software13.nl,0.035 0.006 0.226 0.006 0 0.026 0.094 0.005 0.131 0.024 0.027 0.003 0.047 0.005 0.002 0.007 0.02 0.098 0 0.004 0.008 0.023 0.059 0.065 0.05 0.004 0 0 0.004 0.02 
Dutch/CSTAUS_software14.nl,0.009 0 0.176 0 0 0.012 0.114 0.01 0.11 0.008 0.043 0.008 0.026 0.003 0.005 0.015 0.038 0.144 0 0.003 0.003 0.012 0.071 0.07 0.067 0.001 0 0.032 0.005 0.017 
Dutch/CSTAUS_software1.nl,0.019 0.002 0.081 0.016 0.005 0.046 0.109 0.009 0.105 0 0.054 0.008 0.021 0.023 0.008 0.002 0.052 0.088 0.005 0.011 0 0.018 0.063 0.025 0.104 0.003 0 0.104 0.008 0.008 
Dutch/CSTAUS_software2.nl,0.021 0.006 0.073 0.049 0.005 0.017 0.125 0.012 0.109 0.008 0.058 0.007 0.017 0.017 0.005 0.003 0.052 0.058 0.009 0.014 0.001 0.014 0.06 0.031 0.074 0.001 0 0.124 0.013 0.015 
Dutch/CSTAUS_software3.nl,0.028 0.002 0.086 0.058 0.005 0.037 0.117 0.014 0.116 0.005 0.044 0.007 0.018 0.015 0.009 0.001 0.048 0.054 0.01 0.02 0 0.029 0.051 0.043 0.074 0.006 0 0.068 0.02 0.013 
Dutch/CSTAUS_software4.nl,0.059 0.003 0.06 0.087 0.004 0.021 0.11 0.018 0.094 0 0.044 0.001 0.011 0.021 0.01 0.006 0.052 0.049 0.013 0.017 0.003 0.042 0.053 0.067 0.075 0.006 0 0.037 0.013 0.025 
Dutch/CSTAUS_software5.nl,0.011 0.003 0.101 0.047 0.006 0.049 0.127 0.022 0.106 0 0.056 0.004 0.029 0.011 0.007 0.004 0.053 0.066 0.006 0.019 0.001 0.022 0.048 0.038 0.063 0.009 0 0.073 0.015 0.004 
Dutch/CSTAUS_software6.nl,0.009 0 0.096 0.053 0.005 0.03 0.161 0.032 0.091 0.028 0.048 0.009 0.029 0.005 0.005 0.006 0.06 0.037 0.01 0.015 0 0.031 0.044 0.059 0.075 0.009 0 0.039 0.013 0.004 
Dutch/CSTAUS_software7.nl,0.04 0.006 0.072 0.058 0.003 0.021 0.141 0.015 0.101 0 0.063 0.009 0.026 0.017 0.008 0.004 0.072 0.052 0.01 0.009 0 0.038 0.067 0.032 0.066 0.006 0 0.033 0.025 0.01 
Dutch/CSTAUS_software8.nl,0.009 0.003 0.207 0.04 0.005 0.025 0.13 0.017 0.085 0.003 0.06 0.002 0.025 0.01 0.01 0.001 0.052 0.062 0 0.009 0 0.019 0.059 0.023 0.062 0.006 0 0.039 0.021 0.018 
Dutch/CSTAUS_software9.nl,0.009 0.004 0.26 0.005 0.002 0.007 0.087 0.006 0.118 0.005 0.045 0.015 0.031 0.02 0.008 0.006 0.044 0.085 0.001 0.01 0 0.022 0.057 0.034 0.044 0.004 0.001 0.03 0.005 0.034 
Dutch/CSTAUS_undef10.nl,0.038 0.005 0.034 0 0.002 0.031 0.115 0.024 0.136 0 0.073 0.028 0.023 0.015 0.01 0.001 0.069 0.115 0.002 0.008 0.004 0.03 0.09 0.031 0.06 0.017 0 0.005 0.019 0.015 
Dutch/CSTAUS_undef11.nl,0.023 0.006 0.039 0 0.014 0.029 0.129 0.012 0.147 0 0.075 0.041 0.009 0.033 0.005 0.001 0.063 0.107 0.001 0.004 0.001 0.024 0.07 0.025 0.088 0.01 0 0.005 0.02 0.021 
Dutch/CSTAUS_undef12.nl,0.014 0 0.033 0.003 0 0.048 0.066 0.009 0.136 0 0.071 0.036 0.024 0.073 0.039 0.005 0.061 0.124 0.001 0.03 0.001 0.011 0.084 0.021 0.064 0.008 0 0 0.003 0.035 
Dutch/CSTAUS_undef1.nl,0.031 0.006 0.047 0.086 0.008 0.027 0.081 0.036 0.161 0 0.064 0.025 0.024 0.016 0.019 0.009 0.035 0.118 0.001 0.016 0.008 0.023 0.026 0.031 0.027 0.016 0 0.007 0.022 0.028 
Dutch/CSTAUS_undef2.nl,0.016 0.011 0.055 0.049 0.008 0.026 0.119 0.014 0.128 0.003 0.069 0.021 0.031 0.007 0.007 0.006 0.033 0.122 0.004 0.02 0.002 0.045 0.064 0.025 0.05 0.022 0 0.001 0.018 0.026 
Dutch/CSTAUS_undef3.nl,0.019 0.014 0.039 0.005 0.006 0.038 0.122 0.026 0.156 0 0.06 0.027 0.013 0.034 0.009 0.002 0.03 0.118 0.004 0.01 0.006 0.029 0.069 0.009 0.081 0.024 0 0 0.019 0.031 
Dutch/CSTAUS_undef4.nl,0.018 0.004 0.06 0.008 0 0.018 0.085 0.016 0.18 0 0.06 0.037 0.018 0.012 0.015 0.009 0.058 0.134 0.007 0.012 0 0.024 0.075 0.01 0.066 0.047 0 0.001 0.016 0.01 
Dutch/CSTAUS_undef5.nl,0.015 0.02 0.069 0.012 0.002 0.033 0.104 0.014 0.154 0 0.063 0.056 0.021 0.023 0.01 0.016 0.041 0.105 0.003 0.017 0 0.025 0.069 0.016 0.061 0.028 0 0 0.014 0.007 
Dutch/CSTAUS_undef6.nl,0.019 0.002 0.04 0.008 0 0.04 0.07 0.034 0.134 0.002 0.056 0.071 0.051 0.01 0.016 0.014 0.042 0.123 0.003 0.014 0 0.027 0.078 0.014 0.083 0.009 0 0.005 0.013 0.02 
Dutch/CSTAUS_undef7.nl,0.025 0.011 0.027 0.005 0 0.06 0.074 0.019 0.168 0 0.069 0.034 0.035 0.031 0.005 0.005 0.034 0.117 0.004 0.013 0.009 0.019 0.081 0.016 0.063 0.029 0 0.01 0.021 0.015 
Dutch/CSTAUS_undef8.nl,0.035 0.007 0.045 0.005 0.006 0.057 0.086 0.014 0.15 0.003 0.059 0.028 0.026 0.032 0.014 0.003 0.035 0.139 0.006 0.005 0.004 0.018 0.076 0.021 0.053 0.017 0 0.009 0.021 0.028 
Dutch/CSTAUS_undef9.nl,0.019 0.009 0.049 0.006 0.002 0.033 0.131 0.014 0.166 0 0.049 0.026 0.028 0.016 0.011 0.005 0.025 0.134 0.001 0.007 0.001 0.031 0.094 0.023 0.079 0.018 0 0.003 0.014 0.007 
Dutch/D_CKTAUS_electronics1.nl,0.002 0.001 0.046 0 0 0 0.08 0.003 0.037 0 0.026 0.001 0.006 0 0.005 0 0.003 0.021 0.001 0 0.001 0 0.03 0 0.003 0.601 0 0 0 0.134 
Dutch/D_CKTAUS_finance1.nl,0.007 0 0.005 0 0.003 0.001 0.009 0 0.079 0 0.015 0.001 0.002 0.002 0.002 0 0.001 0.049 0.002 0.007 0 0.003 0.017 0.003 0.003 0.708 0 0 0 0.078 
Dutch/D_CKTAUS_hardware1.nl,0.001 0 0.014 0 0.002 0.003 0.022 0 0.024 0 0.011 0.002 0.008 0.003 0.003 0 0.004 0.02 0.001 0.001 0.002 0.009 0.032 0.002 0.11 0.679 0 0 0 0.045 
Dutch/D_CKTAUS_industrial1.nl,0.003 0.001 0.021 0 0.001 0 0.066 0 0.029 0.005 0.016 0.003 0.003 0 0.001 0 0.007 0.009 0.002 0.005 0.001 0.005 0.014 0.001 0.071 0.665 0 0 0 0.072 
Dutch/D_CKTAUS_legal1.nl,0.013 0 0.005 0 0 0.002 0.01 0 0.08 0 0.014 0 0.006 0.002 0 0 0.015 0.037 0.003 0 0 0.009 0.009 0.007 0.01 0.717 0 0 0 0.061 
Dutch/D_CKTAUS_pharma1.nl,0.004 0 0.006 0.026 0.001 0 0.017 0.001 0.047 0 0.016 0.001 0.005 0.002 0 0.003 0.034 0.021 0.005 0.001 0.008 0.005 0.009 0 0.004 0.58 0 0 0.002 0.2 
Dutch/D_CKTAUS_software1.nl,0.007 0 0.015 0.001 0.001 0.002 0.026 0.002 0.061 0 0.017 0.003 0.003 0.003 0 0 0.02 0.03 0.002 0.001 0.001 0.003 0.018 0.006 0.011 0.568 0 0 0.004 0.196 
Dutch/D_CKTAUS_undef1.nl,0.009 0 0.017 0 0.003 0 0.017 0.001 0.047 0.001 0.012 0 0.015 0.001 0 0.002 0.018 0.033 0.001 0.004 0 0.002 0.02 0.003 0.018 0.63 0 0 0.003 0.142 
Dutch/D_CSTAUS_business1.nl,0 0.003 0.008 0 0.003 0.003 0.026 0.005 0.074 0 0.016 0.008 0.006 0 0.001 0 0.008 0.044 0 0 0 0.004 0.02 0.003 0.022 0.602 0 0 0.002 0.138 
Dutch/D_CSTAUS_electronics1.nl,0.005 0.005 0.01 0 0.002 0 0.022 0.002 0.055 0 0.024 0.002 0.014 0 0.002 0 0.011 0.045 0.001 0 0 0.006 0.018 0.004 0.013 0.618 0 0.001 0.012 0.126 
Dutch/D_CSTAUS_hardware1.nl,0.008 0.001 0.013 0.002 0 0.003 0.028 0.002 0.043 0 0.019 0.001 0.004 0 0 0.002 0.01 0.045 0.004 0.001 0.001 0.004 0.029 0.005 0.078 0.565 0 0.004 0.006 0.122 
Dutch/D_CSTAUS_industrial1.nl,0.005 0.003 0.021 0 0.003 0 0.043 0.005 0.049 0 0.04 0.004 0.004 0.003 0.004 0.004 0.023 0.022 0 0 0.002 0.01 0.023 0.006 0.029 0.511 0 0 0.004 0.179 
Dutch/D_CSTAUS_leisure1.nl,0.003 0 0.045 0.001 0 0.002 0.008 0.006 0.035 0.001 0.006 0.004 0.011 0.002 0 0.006 0.027 0.018 0 0.003 0 0.007 0.02 0.024 0.014 0.566 0 0.004 0.004 0.181 
Dutch/D_CSTAUS_software1.nl,0.005 0.001 0.022 0.005 0.001 0.015 0.037 0.002 0.032 0 0.017 0.002 0.005 0.004 0.002 0 0.013 0.028 0.001 0.003 0 0.004 0.018 0.008 0.034 0.627 0 0.032 0.001 0.08 
Dutch/D_CSTAUS_undef1.nl,0.014 0.001 0.015 0.034 0.003 0.012 0.03 0.015 0.062 0 0.021 0.009 0.007 0.004 0.007 0.002 0.009 0.046 0 0.006 0.004 0.008 0.006 0.012 0.008 0.525 0 0.001 0.008 0.129 
