English/CKTAUS_electronics1.en,0.2184776196973887 4.546695218262088E-6 0.002669766811402482 6.393684258927018E-6 0.5063928906753019 7.744032021340978E-6 8.641991036670814E-6 1.3176992112755456E-5 9.769651621353797E-6 0.11697195827544006 0.0074881148651143896 1.1671401681989585E-5 4.688247532078882E-6 0.02526723278884569 1.5743830597358987E-5 0.013461530059174174 1.482311381187095E-6 1.898638788900491E-5 4.8361594304417454E-6 0.10916320544255109 
English/CKTAUS_finance10.en,1.8126706586567187E-6 1.0578677695069115E-6 2.6940045527613483E-6 1.4876019133096623E-6 1.8777639922701549E-6 0.7835693333961276 0.02748543604513405 0.011058283361401732 8.140198193404778E-4 2.7186885177022963E-6 2.7829407009834793E-6 2.715554720878109E-6 1.0908023787774997E-6 0.003250348185747824 0.0010473374560111917 1.0361022757534244E-6 3.4488553977244204E-7 0.17255858164544596 1.125216656069758E-6 1.9591599111465103E-4 
English/CKTAUS_finance11.en,1.8750762262157154E-6 1.0942874237023242E-6 0.00140227522365478 1.538816203814444E-6 4.192779545471598E-5 0.7742788570101609 0.022433880861817555 0.022315016180025116 0.001041971343115508 2.8122859393591717E-6 8.425718330506094E-4 2.8090442540068097E-6 1.1283558864801943E-6 0.0042419277439697005 4.377457132985081E-5 1.071772600232266E-6 3.567590578600243E-7 0.1733412131368492 1.1639549584268481E-6 2.733948021959716E-6 
English/CKTAUS_finance12.en,1.8337942683056615E-6 1.0701954285422386E-6 2.7253986178074364E-6 1.5049373967190203E-6 1.8996461545902252E-6 0.7933652942790805 0.025850479264282647 0.011578199551354272 4.715602967781762E-4 4.185543093343059E-5 1.2013055326886669E-4 8.09573213183404E-5 1.1035138349614428E-6 0.003953011526466549 8.191588453823388E-5 1.0481762947843362E-6 3.4890459722279916E-7 0.16444124923921907 1.1383291524296427E-6 2.673757014472732E-6 
English/CKTAUS_finance13.en,1.7925761738530978E-6 1.0461407038554215E-6 0.001646386369862531 3.45505996324467E-4 1.8569479108561041E-6 0.7991565943195571 0.013495801144132567 0.014567175348494521 0.0029838835539034393 3.084973372645985E-4 2.7520902211358428E-6 1.938159430996576E-4 1.0787102142580271E-6 0.0026409247526575676 3.6224688992452817E-6 1.024616492974465E-6 3.410622874872853E-7 0.1637267478588229 1.112742989721051E-6 9.20040019987155E-4 
English/CKTAUS_finance14.en,1.8116902362281133E-6 1.0572955986700468E-6 4.276632416553524E-4 1.4867973113960825E-6 6.972833388941418E-4 0.7890178451661627 0.017387174385362948 0.02067209341687495 4.0905549502163094E-5 1.572520159516475E-4 0.0027457740981386815 2.7140859539282276E-6 1.0902123945394793E-6 0.007382396007812629 0.0020898808665210373 1.035541877258184E-6 3.4469900091229126E-7 0.15890482106069348 4.6472900174575213E-4 2.641528311484102E-6 
English/CKTAUS_finance15.en,1.8430918424763265E-6 1.0756214578116896E-6 2.7392167413732307E-6 1.5125676240078922E-6 3.949425617808089E-4 0.7984096454943052 0.012972142832146987 0.007117019752896919 8.091788431217486E-5 2.7643149654799457E-6 0.0014177494684904674 2.761128575644013E-6 1.1091087928617032E-6 0.004483997075717238 3.7245518350676912E-6 1.0534906841971107E-6 3.506735886670587E-7 0.17510081975030564 1.14410062849338E-6 2.687313308428959E-6 
English/CKTAUS_finance16.en,8.081821395476983E-5 1.0805478766675125E-6 9.108685897527137E-4 1.5194952857884405E-6 1.9180222266115375E-6 0.7948804476073806 0.019151473870246453 0.01903410161800305 0.0011473386821507828 2.7769757145478186E-6 2.842605429543385E-6 1.2122379567176612E-4 1.1141885859716593E-6 0.006991984524647555 3.741610533791587E-6 1.0583157426164742E-6 3.5227969736533917E-7 0.15766149009502803 1.1493406865716517E-6 2.6996213847117453E-6 
English/CKTAUS_finance17.en,1.8075700821874445E-6 1.054891092289248E-6 7.350573563320681E-4 1.4834160302986263E-6 1.8724802531705652E-6 0.7868765447057716 0.01827273252058886 0.016693405318278527 0.0013128251937972097 2.711038546310938E-6 2.775109933829483E-6 0.001660178970864042 1.0877330286342455E-6 0.00516849413290163 0.003280049044899516 1.0331868432879452E-6 3.4391508490224523E-7 0.16598278584426615 1.1220504694426529E-6 2.6355209359800195E-6 
English/CKTAUS_finance18.en,0.0014035499398934975 1.0368267511309567E-6 2.640420729779409E-6 7.722954446061017E-5 1.8404152159807716E-6 0.7956028413344668 0.019437368415312864 0.016028683680815246 0.0014418869566585884 2.6646137299940605E-6 2.72758793562238E-6 2.661542264472957E-6 1.069106290137716E-6 0.002541640659539175 3.59021749754657E-6 1.0154941736333854E-6 3.380257571142224E-7 0.16344352199313034 1.1028360665294134E-6 2.5903893108621654E-6 
English/CKTAUS_finance19.en,1.7851381374541717E-6 1.041799893826161E-6 9.92407687330913E-4 1.4650068373516837E-6 1.5411918151398356E-4 0.7957264067912305 0.018807317603577477 0.012527221750895629 2.687109466323191E-4 2.6773945579312314E-6 2.740670819530199E-6 9.924289101751124E-4 1.074234261740875E-6 0.011423555578416114 3.6074379867967195E-6 1.0203649945551245E-6 3.3964709869607284E-7 0.1590122339463253 1.108125823108597E-6 7.87377834915294E-5 
English/CKTAUS_finance1.en,3.207449716423892E-4 1.0908416236496208E-6 2.7779769694878293E-6 1.5339706277424237E-6 1.2151471904175135E-4 0.796394168048351 0.020729000373312205 0.012558896038357178 8.393929061911327E-4 4.266290531643395E-5 2.8696852671827226E-6 2.80019885870312E-6 1.1248028082953543E-6 3.4659960678520272E-6 3.7772546667098114E-6 1.0683976970739426E-6 3.556356597895089E-7 0.16884929122372158 1.1602897823769196E-6 1.223037640374203E-4 
English/CKTAUS_finance20.en,1.8288595495105746E-6 1.067315545238577E-6 8.217144828987758E-4 1.5008876278952361E-6 1.8945342291441214E-6 0.8104962733535495 0.020593938612924332 0.012756037465342604 0.0017182858757352915 2.742969018668384E-6 6.268050661187938E-4 2.7398072340271586E-6 1.1005442922182135E-6 1.203907335856453E-4 3.695790971576705E-6 1.045355664710486E-6 3.479656990577403E-7 0.1528447885521251 1.135265922076829E-6 2.6665619658127726E-6 
English/CKTAUS_finance21.en,1.808267093901864E-6 1.0552978657006958E-6 6.19658693346176E-4 1.4839880459347917E-6 1.8732022947026422E-6 0.7927327109266095 0.017739928785310957 0.01164839043907673 2.267557425719602E-6 2.712083941808265E-6 1.9557969047443943E-4 1.5695176610898125E-4 1.0881524661269272E-6 0.002664041504823076 3.6541773815437067E-6 1.0335852473885953E-6 3.440477009735692E-7 0.17287203424136374 7.824388731547576E-5 0.0012751397061070127 
English/CKTAUS_finance2.en,1.7711143885231197E-6 1.0336156867662803E-6 6.824640344996218E-4 1.4534979867825092E-6 2.284453124899678E-4 0.8198033637783754 0.016053548571704775 0.011182451692109574 0.0010597370877468626 2.656361390647416E-6 4.937087675300739E-4 2.6532994374903326E-6 1.0657952556697412E-6 0.002344927004987527 1.924212627702463E-4 1.012349176506398E-6 3.369788874594529E-7 0.14794326768816007 1.0994205705562917E-6 2.582366845394646E-6 
English/CKTAUS_finance3.en,4.097570919383109E-5 1.0711588463715131E-6 4.186811618881616E-5 1.5062921806036015E-6 1.901356265590361E-6 0.8028860618249891 0.020824656471348957 0.020121200121434875 2.301638499573974E-6 2.752846187593812E-6 7.856231875591049E-4 0.0011769575959009796 1.1045072468889272E-6 0.012019464534313065 3.709099161166486E-6 7.9329648082636E-5 3.49218690238631E-7 0.14149652772275484 1.139353906013694E-6 5.11499597249688E-4 
English/CKTAUS_finance4.en,1.8043707369650026E-6 1.0530239664668134E-6 4.1159282703015074E-5 1.480790428095869E-6 8.09899050680584E-4 0.8111868425069899 0.016470420104579934 0.013624127017065384 2.2626714146124872E-6 4.118385364412841E-5 2.7701980718795417E-6 7.96583477517653E-5 1.0858077735623968E-6 0.0030430773066432663 3.646303556135328E-6 1.0313581333399673E-6 3.4330636544254043E-7 0.1545689709382135 1.165529051394804E-4 2.6308561423998063E-6 
English/CKTAUS_finance5.en,1.7776267917994894E-6 1.037416300791339E-6 2.6419220983955343E-6 1.458842511739597E-6 9.495241543244895E-4 0.7760401702918703 0.03006246684735942 0.0123228815893688 2.296729808793995E-4 2.6661288549827374E-6 2.7291388683499104E-6 8.366238251580307E-4 1.0697141942543635E-6 0.005310319323339237 7.940687434019533E-5 1.0160715933850774E-6 3.382179618100307E-7 0.17396096717027756 1.1034631497212487E-6 1.9212840075727647E-4 
English/CKTAUS_finance6.en,1.8173774092535638E-6 1.0606146114286533E-6 2.739858357610272E-4 1.4914645957886332E-6 1.882639763138483E-6 0.7878129702082861 0.016782920786058933 0.013761090500180729 2.278981713257688E-6 0.00120413002153657 3.128299794109043E-4 2.722605885270393E-6 1.0936347381599569E-6 0.006087901275711026 3.6725876641889975E-6 1.038792601754734E-6 3.457810638503626E-7 0.17374298895416024 1.1281383749943975E-6 2.649820473277894E-6 
English/CKTAUS_finance7.en,1.7918912037588773E-6 1.0457409578881706E-6 1.9372058000793077E-4 1.4705488669021767E-6 1.8562383433610014E-6 0.8049268518301012 0.020750827602536392 0.012421765483518242 2.247022145604333E-6 2.6875229746594476E-6 2.751038606411977E-6 2.6844251019505742E-6 1.0782980229950424E-6 0.007607409524824148 2.71101525948673E-4 1.0242249717292485E-6 3.409319624999275E-7 0.15158935407850224 1.1123177940269264E-6 0.002218879173609297 
English/CKTAUS_finance8.en,0.001027143875261958 1.0393073733225797E-6 0.0014457502308426325 1.4615017884438987E-6 4.195853032127651E-4 0.7957973936738004 0.022028291901633804 0.01147188719332279 0.0012174782446927562 2.6709888548097698E-6 2.7341137270868913E-6 2.667910040765373E-6 1.0716641415681756E-6 0.0020540282694084576 3.5988071420435435E-6 1.0179237573413974E-6 3.3883448836418584E-7 0.164518138195041 1.1054746169115007E-6 2.5965868527393E-6 
English/CKTAUS_finance9.en,1.7930559645888867E-6 1.0464207079218388E-6 5.762097992881429E-4 1.4715047495557603E-6 1.8574449309646311E-6 0.7938262242113461 0.0212231519628028 0.014379892666989198 2.248482749559458E-6 2.6892699119088003E-6 4.2335245407181476E-4 6.144674460137093E-4 1.157879881834782E-4 0.006809391550214851 6.154047144568338E-4 1.0248907359931083E-6 3.411535742779111E-7 0.16139991758380803 1.113040820176219E-6 2.614358679990485E-6 
English/CKTAUS_hardware1.en,0.016861137428977057 2.7136153767019024E-6 6.910591654272309E-6 3.8159584238490176E-6 4.8167922212211356E-6 2.0293350879663888E-4 5.157820930736099E-6 7.864456863576756E-6 2.0414246436328113E-4 0.9404006710695442 0.01259992653303113 6.965871594977385E-6 2.798098395013345E-6 8.622131775503835E-6 0.006057900808045934 2.657783088174479E-6 8.8469157573906E-7 3.087991214001717E-4 2.8863770199324916E-6 0.02330839487692214 
English/CKTAUS_industrial1.en,4.54922515585536E-6 2.654910667653071E-6 6.761092106214617E-6 3.7334062939717327E-6 0.9983421643313012 4.5219026649346875E-6 5.046239761324817E-6 7.694321974171582E-6 5.704704420170172E-6 6.823040984638472E-6 2.0100575916656024E-4 6.8151761542139E-6 2.737566031591635E-6 0.0013665858656839096 9.193152783754898E-6 2.60028622098919E-6 8.655526948211477E-7 1.1086549972440346E-5 2.823934890286871E-6 6.6329810716022086E-6 
English/CKTAUS_industrial2.en,0.003669597651945721 2.6395468054539903E-6 6.721965935718266E-6 3.711801220575998E-6 0.9908287099830703 4.495734594472593E-6 5.017037372987942E-6 7.649795239631383E-6 5.671691523101412E-6 6.783556318452194E-6 6.943875641917681E-6 6.775737001487768E-6 2.7217238460963924E-6 8.386789292112184E-6 0.0025168226780944588 0.002028021286164716 8.605437758803718E-7 1.1022392549701008E-5 2.8075928916493433E-6 8.746386167158836E-4 
English/CKTAUS_industrial3.en,0.005956666048279516 2.545278484645274E-6 6.481898799956843E-6 3.57923858993181E-6 0.9853899566998556 4.3351747020899705E-6 4.837859762797846E-6 7.376591767626069E-6 5.46913370714488E-6 2.8555557139862655E-4 6.6958832610606415E-6 5.645623131836797E-4 2.624520668586373E-6 8.087264941223488E-6 0.0043800372785809775 2.492909706093438E-6 8.298104634166505E-7 0.0013126953893238147 2.70732300180939E-6 0.0020524638115216654 
English/CKTAUS_industrial4.en,3.17943257286304E-4 2.855764529815959E-6 7.272593859745435E-6 4.015852359786194E-6 0.9917470456620474 4.864001412603538E-6 5.428006559662328E-6 5.30026203261288E-4 6.136286517921796E-6 1.116891848460509E-4 7.5126812362892924E-6 0.001155180279461182 2.9446730793241203E-6 9.073790746944099E-6 9.888648969207704E-6 0.003655045448112942 9.310349740475161E-7 0.002411974263927493 3.037576063272947E-6 7.134790749086516E-6 
English/CKTAUS_industrial5.en,0.002906372394805755 2.8359372249702527E-6 7.222100923801071E-6 3.987970674121459E-6 0.9797837913818307 4.830231107744457E-6 5.390320420052683E-6 1.1184442709566032E-4 6.093682857101317E-6 0.004670434131654978 0.0024944716455744297 7.2798727226291755E-6 2.9242284907716933E-6 0.0014597672813741666 8.388237010677987E-4 0.006427556325640406 9.245708856887872E-7 1.1842492535212115E-5 1.066419499654551E-4 0.0011469653531488617 
English/CKTAUS_legal10.en,2.739595853884618E-6 1.5988178224537298E-6 0.02892245775743635 2.2483003266319076E-6 2.8379752401406127E-6 2.72314193474902E-6 0.018639332200316484 0.8091352359825114 3.4354387926963177E-6 4.108913969303367E-6 1.2104798631715533E-4 4.10417767771865E-6 1.6485938358603112E-6 0.09511443891176503 0.004620793810171824 1.5659223507032284E-6 5.212458150150235E-7 0.043413466164006195 1.7006061586361283E-6 3.994457697761469E-6 
English/CKTAUS_legal11.en,2.2276249474372253E-6 1.3000335296372475E-6 3.3107126888057322E-6 1.82814187349381E-6 2.307619365163719E-6 0.018148501826928686 0.02052392711129791 0.870598041241872 5.029680059951127E-5 3.341047275974959E-6 0.0032336492108924835 9.834393735620873E-5 1.3405074882655776E-6 0.009932335135838757 4.5016229764613345E-6 1.273285506411403E-6 4.238363040403471E-7 0.07738841952302679 1.3827998386592597E-6 3.2479803933120097E-6 
English/CKTAUS_legal12.en,2.3816003836620016E-6 1.3898930143153217E-6 0.0044219951763304005 2.558887359573518E-4 2.467124087357013E-6 0.013054586784177046 0.022044133071167114 0.8063975729557272 2.9865143558059508E-6 3.571983463126967E-6 1.0523009452130362E-4 3.567866084339397E-6 1.4331645692996767E-6 0.04576336466586143 0.0023917945531955515 7.631639899727354E-4 4.531322498761074E-7 0.10477906783096314 1.4783802049206724E-6 3.4724837139832425E-6 
English/CKTAUS_legal13.en,2.4278387358916185E-6 1.4168775425335187E-6 0.014137600126323065 0.004040275838022381 3.131522064808573E-4 0.001193189127738227 0.005904799575051123 0.07559248766569306 3.044497006325276E-6 0.0027476031214802637 3.727390412191037E-6 3.6371355763362557E-6 0.017190051815827317 0.684234671702342 0.02832466279123371 0.02029635038822507 4.619297327452334E-7 0.14600539298850648 1.5070826963685898E-6 3.5399013740492366E-6 
English/CKTAUS_legal14.en,2.542490207518352E-6 1.483787709574197E-6 0.0017387472733920012 2.0865419094267205E-6 2.6337914941015033E-6 2.5272200981632664E-6 0.0019546599451590236 0.06712589816525177 3.188269348770495E-6 7.628620549806312E-4 0.0032569695470344535 3.808894491031945E-6 1.5299824891713724E-6 0.7175226684898692 0.011824611533937357 1.4532589676509116E-6 4.837437531183514E-7 0.19535281753728667 1.5782526824337426E-6 4.374492199378585E-4 
English/CKTAUS_legal15.en,1.8556362636935135E-6 1.0829423347892067E-6 0.005265678793168944 1.522862436755553E-6 1.9222725000119758E-6 0.016344598966961842 0.5920213070599865 0.029127272410171687 2.3269581155145227E-6 2.7831294002817206E-6 4.241973862986327E-5 2.7799213232919826E-6 1.1166575907852238E-6 0.17957588595822813 0.01709835022494947 1.0606609350692512E-6 3.5306033744680037E-7 0.1601872585827724 3.1771856023784953E-4 2.705603655825968E-6 
English/CKTAUS_legal16.en,1.941529921155614E-6 1.1330695497911628E-6 4.997153736561421E-4 1.5933526653977891E-6 2.011250614363008E-6 0.005839680694941941 0.1500861731042746 0.01304506756209562 2.434668310240309E-6 2.9119548431002824E-6 2.980774590219947E-6 2.9085982707014715E-6 1.1683454169405773E-6 0.7498854651096923 0.007125151434897964 1.1097567890481625E-6 3.6940278789436166E-7 0.07328713552932466 2.0821764676946808E-4 2.8308405884019446E-6 
English/CKTAUS_legal17.en,2.0653492678386126E-6 1.2053300541866017E-6 0.00982463513169515 1.6949673167690861E-6 0.0013674692626323322 2.0529448506718993E-6 0.05342632267972385 0.022685584170477367 2.589937119790421E-6 3.0976621774628996E-6 0.0018970153576405048 3.0940915426399217E-6 1.2428556084392246E-6 0.7858171631028814 0.010266168238220592 1.3330921566824663E-4 3.9296112267023466E-7 0.11456060329997678 1.2820670901660996E-6 3.0113749331989677E-6 
English/CKTAUS_legal18.en,1.966195756280888E-6 4.3075943400162504E-5 0.002015489164860114 1.6135951420719195E-6 4.396528116601041E-5 0.008303793221305693 0.08138535867275026 0.5262057364925773 2.465599137764911E-6 2.9489492758254835E-6 3.018643331662887E-6 2.9455500604261845E-6 1.1831884616496043E-6 0.2241532944373669 0.003106680765530498 1.1238555045454358E-6 3.7409580249163133E-7 0.15451123663176783 2.108629122837546E-4 2.8668045189386924E-6 
English/CKTAUS_legal19.en,2.104274164834631E-6 1.2280464774744253E-6 3.1273878424906706E-6 4.6599867448391606E-5 2.1798390334838645E-6 2.0916359660659244E-6 0.006194802056835827 0.0975124917748029 0.0014834462865202854 3.1560427056688568E-6 3.230631108513644E-6 3.1524047763718357E-6 1.2662792623910078E-6 0.6988553138680671 0.004132564277104145 1.2027795786190794E-6 4.0036712002940566E-7 0.1902215873287251 1.306229748852359E-6 0.0015287486227114672 
English/CKTAUS_legal1.en,1.8667907039402495E-6 1.0894520241073188E-6 2.774438164732277E-6 1.5320165357495971E-6 1.933827498240265E-6 1.8555788227271264E-6 0.9432293814687392 0.007964897163828696 4.2149644582282155E-5 2.7998591070684297E-6 2.866029637210989E-6 2.0184012603277182E-4 1.1233699463347353E-6 3.461580810453438E-6 4.0185943147733294E-4 1.0670366883640958E-6 3.551826232172369E-7 0.04813326632371664 1.1588117143278345E-6 2.7218673465614525E-6 
English/CKTAUS_legal20.en,2.1970453983154135E-6 1.282187419938539E-6 0.008670750545507614 1.8030461973628438E-6 2.275941698861476E-6 0.011246489078608228 0.0206169966640337 0.07543426354302973 2.7550833747924016E-6 3.2951833079800276E-6 3.3730600932280724E-6 3.2913849931240137E-6 1.3221057754311378E-6 0.7526229039373907 0.003143475036943241 0.0030465884726544657 4.180181239674764E-7 0.12514510118210892 1.363817560856813E-6 5.005466577953831E-5 
English/CKTAUS_legal21.en,2.105407875326229E-6 1.2287081066475384E-6 3.1290727714165584E-6 1.7278421585714347E-6 2.1810134557257736E-6 0.1080694887514074 0.022406004144657286 0.11574836648527576 0.004043382022903355 5.868204551006918E-4 0.005211299648217495 3.154103183560624E-6 1.2669614900726741E-6 0.6872442988943944 0.00206952270255049 1.2034275948567676E-6 4.005828240531748E-7 0.05460004306029349 1.3069335004810483E-6 3.069782239084478E-6 
English/CKTAUS_legal2.en,0.0025926213657400726 1.2889509871565364E-6 0.01625223507408321 1.812557306240829E-6 0.0027339959180864527 2.1953698762097014E-6 0.04790153624853293 0.5062645800099215 2.7696165010006507E-6 3.312565473373769E-6 3.3908530603997415E-6 3.3087471223222315E-6 0.0025446433975024802 0.30416564847915173 0.009282850665356496 4.83608442745182E-5 4.2022317888833245E-7 0.10809624098357046 1.3710117288875542E-6 9.741711854585708E-5 
English/CKTAUS_legal3.en,3.3142683620452294E-6 1.9341945338831043E-6 0.4090757886239179 2.7199160162132135E-6 3.4332843427722187E-6 3.294362979451867E-6 0.01852070574717326 0.14001413693361361 4.156075095613647E-6 4.970822083672703E-6 5.088300113795926E-6 4.965092281837008E-6 1.9944118342517884E-6 0.28369834394111737 0.011738861187809944 0.0038183813715043447 6.305851686493065E-7 0.13309039119066426 2.05733454439093E-6 4.8323568428704556E-6 
English/CKTAUS_legal4.en,5.007298429773203E-6 2.922240505114718E-6 0.9571743532450199 4.109332651835979E-6 0.003315335957054722 0.00427613702557419 5.5543587242803504E-6 8.469083199772885E-6 6.2791258965654416E-6 7.510070668778453E-6 7.687560084694628E-6 7.5014139081903985E-6 3.0132186519160896E-6 0.013890554361448239 0.011755808287390384 0.0072638337771545325 9.527074394384397E-7 0.0022545617788529565 3.108284214887691E-6 7.300873130405488E-6 
English/CKTAUS_legal5.en,3.5076338105590415E-6 2.0470418813822882E-6 0.4671258385299791 2.8786049704385173E-6 3.028301511193348E-4 0.004641033208944901 0.018030483443628252 0.0312719728916246 4.398554351102932E-6 5.260836390510121E-6 5.385168479962227E-6 5.254772292962424E-6 2.1107724595010267E-6 0.44715575943097957 0.008459391037492109 0.0011987911544153245 6.673756064299048E-7 0.02155070031450267 2.265747844446735E-4 5.114292626647425E-6 
English/CKTAUS_legal6.en,4.359079686715792E-4 1.31863752863062E-6 8.22471858516862E-4 1.854303313794285E-6 2.3406423198551814E-6 0.0043869137507021845 0.02221494442697746 0.08239703005477729 2.8334050670078364E-6 5.1572021832506066E-5 3.46894966842682E-6 3.3849527031804776E-6 1.359690685770691E-6 0.7766685915345988 0.0076175057710434054 1.291506730510264E-6 4.299015708153675E-7 0.10509298459773112 1.4025882565884733E-6 2.923934373042042E-4 
English/CKTAUS_legal7.en,2.155736802877661E-6 1.2580798792176108E-6 0.013196702802991185 1.7691455296845392E-6 1.8611466790625672E-4 2.1427895212624236E-6 0.059855825431377935 0.1845287496164346 2.703282613363512E-6 0.00368086359169002 9.525039930547124E-5 0.004692208214901762 1.2972476943714219E-6 0.5823107951383903 0.0030843717800559116 1.2321950469712686E-6 4.101585951740064E-7 0.14835166838189667 1.3381752195945284E-6 3.143164147511897E-6 
English/CKTAUS_legal8.en,2.1267969821862612E-6 4.6594438084629846E-5 3.1608614203833416E-6 1.7453955272084864E-6 1.3826291277663368E-4 0.0015894776816642532 0.02970873618618137 0.712185640695191 2.666992230416722E-6 3.189822987060712E-6 3.265209736908897E-6 3.1861461196735576E-6 1.2798327132766395E-6 0.09787625154609333 4.297868082458302E-6 4.656890074489875E-5 4.046523960018592E-7 0.15837872288171592 1.320210804431673E-6 3.100968547978964E-6 
English/CKTAUS_legal9.en,2.4964701729103304E-6 4.273481849664909E-4 0.011822192581381523 2.0487747115044005E-6 2.586118871666048E-6 2.4814764583114216E-6 0.02507711681736609 0.046000477871928666 3.130560467400475E-6 3.7442680287588402E-6 1.1030557186131708E-4 3.739952059797693E-6 1.502289227308209E-6 0.8591337620819179 0.007884033116004626 0.005005649193346121 4.749878081813401E-7 0.04440524721492628 1.0802249930575968E-4 3.639969189350935E-6 
English/CKTAUS_pharma10.en,2.843245495086311E-6 1.6593073626934783E-6 4.225652504386514E-6 0.5962503083239967 2.9453469588423936E-6 2.826169059745504E-6 3.1538774136173766E-6 4.8089170224184274E-6 3.565414897649333E-6 4.264370277956716E-6 4.36515236420677E-6 4.2594547939109325E-6 0.3738541630322488 5.272216121724365E-6 5.745679614122478E-6 4.260441041508564E-4 5.409665857365822E-7 6.929044438395896E-6 0.02940793414101576 4.145583677376766E-6 
English/CKTAUS_pharma11.en,2.869165710919114E-6 0.02527067336515511 1.2663220888450242E-4 0.04693049550582378 2.9721979743483077E-6 2.851933599647244E-6 3.1826294800191146E-6 4.852757122528862E-6 3.5979187119841397E-6 4.303246062051564E-6 4.404946919977225E-6 6.548230254812024E-5 0.032612807509144165 5.320279850314967E-6 5.798059634054478E-6 1.639983031887295E-6 5.45898263526931E-7 6.992212507304716E-6 0.8949403945030228 4.183376553108479E-6 
English/CKTAUS_pharma12.en,3.01314814250896E-6 1.7584619078415249E-6 4.47816307683767E-6 0.2457112787526319 3.121350841289547E-6 2.9950512776702573E-6 3.3423423643738788E-6 5.096281491915259E-6 3.7784719239657974E-6 4.519194492421288E-6 4.625998972198828E-6 4.513985275824381E-6 0.6704321692098002 5.587265764259066E-6 6.089021819137426E-6 1.7222817794983485E-6 5.732929027017116E-7 7.343100486748803E-6 0.08378960131543868 4.393309609982895E-6 
English/CKTAUS_pharma13.en,2.7265343351656083E-6 0.04657369326266873 4.052195514456842E-6 0.24792164234496528 1.19109343724847E-4 6.0852608385536535E-5 3.0244152578425314E-6 4.6115178584634244E-6 3.4190597169157832E-6 4.089323978813071E-6 4.185969104605156E-6 4.084610268355093E-6 0.6752680494878468 5.05579919255575E-6 5.509827685945374E-6 1.558456532682215E-6 5.18760681318982E-7 4.1364176373444626E-4 0.02953805685562656 6.211786292071759E-5 
English/CKTAUS_pharma14.en,2.94022412621998E-6 0.02702512030588385 4.369782863945748E-6 0.405604276238644 2.5384306474283925E-4 2.9225652405326036E-6 3.261451210837698E-6 4.972941617155499E-6 3.6870255910612026E-6 6.71091353980031E-5 4.514040844537526E-6 4.404738096391531E-6 0.5140107467933881 5.452043119923888E-6 5.9416557072432405E-6 1.68059922736277E-6 5.594181049826174E-7 6.986469740226134E-5 0.05292004629577558 4.2869830152028065E-6 
English/CKTAUS_pharma15.en,2.8718013360361814E-6 1.675972443924737E-6 4.268092406615576E-6 0.8930072539074823 2.974928245243529E-6 2.85455339528987E-6 3.1855530539918323E-6 4.857214881280993E-6 6.484144439403765E-5 4.307199038125028E-6 6.780514201609931E-4 4.302234185925547E-6 0.0622217923024833 5.32516707699203E-6 5.803385750822015E-6 1.6414895257276325E-6 5.463997274783645E-7 6.9986355768534675E-6 0.04397226107941866 4.187219416654339E-6 
English/CKTAUS_pharma16.en,3.484696408828022E-6 0.6326774317533412 3.024190088963956E-4 0.3054169878266901 3.6098324917662645E-6 3.46376744120615E-6 3.865408497475753E-6 5.893833616314139E-6 0.0026795300366259526 5.2264343051592954E-6 5.349953352190828E-6 4.510804508051117E-4 2.0969695261045584E-6 6.461655392645012E-6 7.041934701808497E-6 1.99181349477575E-6 6.630114500735361E-7 8.492272761116247E-6 0.05840982849136993 5.080848832088749E-6 
English/CKTAUS_pharma17.en,2.984574113969992E-6 0.07153879269479979 4.435696144079042E-6 0.04461763856953351 1.3038187688604335E-4 1.9390183812156633E-4 3.310646549369211E-6 5.047952871513824E-6 3.7426402424543837E-6 4.476338454054694E-6 4.582130094732092E-6 4.471178637054709E-6 0.17699871645523874 5.534281083834491E-6 6.031278928643646E-6 1.7059491843546683E-6 5.678563005207959E-7 7.2734650247837105E-6 0.7063984078673528 6.799671043828951E-5 
English/CKTAUS_pharma18.en,3.067950081220008E-6 0.6855042800658561 4.559610123868882E-6 0.09205271846682178 0.0014424847414260535 3.049524077809006E-6 6.882615977008721E-5 1.360350270577037E-4 3.847193266895246E-6 4.601387802502205E-6 4.710134799633027E-6 1.3544214026987966E-4 0.07072413968489447 0.00131414944900069 6.199766523599501E-6 1.7536059547659584E-6 5.837197257556813E-7 7.4766538746976605E-6 0.14851217847708337 6.98962415895098E-5 
English/CKTAUS_pharma19.en,3.630654960044969E-6 0.7883182684620202 5.395906280689144E-6 0.13510528570249872 3.761032441150454E-6 3.6088493703492726E-6 4.027313397634039E-6 6.140700291290934E-6 0.008908143198077837 5.445346568873011E-6 5.574039283575205E-6 5.439069788847268E-6 2.1848023235904225E-6 6.732305615483457E-6 7.336890263571764E-6 2.0752417702649216E-6 6.907820732038095E-7 0.0010927633266861886 0.0665082027131259 5.293663162945595E-6 
English/CKTAUS_pharma1.en,2.8249187033409456E-6 1.6486119160532957E-6 4.1984150908145905E-6 0.06054398451375646 2.9263620486663863E-6 2.8079523380854637E-6 3.133548372509365E-6 4.77792004345797E-6 3.542433197184857E-6 6.44773471723683E-5 4.3370157722544175E-6 4.231999499919713E-6 1.6999381695408745E-6 5.238232842029951E-6 5.708644516764338E-6 1.6146919372099022E-6 5.374796613837152E-7 6.884381691321708E-6 0.9393313067309048 4.118862365815885E-6 
English/CKTAUS_pharma20.en,3.0353823210900205E-6 0.02809395407459183 4.511207677652621E-6 0.9433561079789332 3.144383453274428E-6 3.017151918534103E-6 3.367005684427785E-6 5.133887221016996E-6 3.8063534669725163E-6 4.552541866209346E-6 4.6601344618591625E-6 0.0011696608597962894 0.01870837216867404 5.628494492123385E-6 0.001106518987195643 1.9592058485160373E-4 5.775232611756599E-7 7.397285611355752E-6 0.007316208266449296 4.4257280726041564E-6 
English/CKTAUS_pharma21.en,3.2373899652477847E-6 0.02823772707558362 4.811432933936571E-6 0.9205323891431527 7.238992333874513E-5 3.217946311680032E-6 3.591083185786101E-6 5.475552406217413E-6 4.059669990348305E-6 4.85551795292263E-6 4.970270940403494E-6 4.849921060655798E-6 0.04791312515742387 6.003076272022694E-6 6.542173568351758E-6 1.8504558974768267E-6 6.159579956161338E-7 7.889582159678366E-6 0.0031776784052828366 4.720264578077574E-6 
English/CKTAUS_pharma2.en,3.026566586621965E-6 0.04208219757629929 0.001359849420011682 0.35755706863986597 3.1352511441754346E-6 3.008389131066187E-6 3.357226808185372E-6 5.118976747889784E-6 3.795298582313261E-6 6.907985858676998E-5 1.9826821625519393E-4 4.534087393704367E-6 1.8212828769801088E-6 0.002458152621093714 6.116138042807375E-6 1.7299516120827504E-6 5.758459463661628E-7 7.375801495407333E-6 0.5962273759771964 4.412874323261014E-6 
English/CKTAUS_pharma3.en,3.349780567314145E-6 1.9549193231318797E-6 4.978468678796446E-6 0.989135095713835 3.4700717978025172E-6 3.329661899628752E-6 3.7157527515948012E-6 5.665644004136351E-6 1.4706654881230046E-4 5.024084171985223E-6 5.142820972812744E-6 5.018292975634446E-6 0.004216561058990936 6.211481612035933E-6 6.76929443857828E-6 1.9146971086522464E-6 6.3734185444007E-7 8.16348023760436E-6 0.006431046750684194 4.8841352836575395E-6 
English/CKTAUS_pharma4.en,2.9489141863788468E-6 0.025595764098241276 4.3826980956895585E-6 0.950063362348417 3.054810232091641E-6 2.9312031084869396E-6 3.2710906825278466E-6 4.987639531315931E-6 7.583134449356865E-4 4.422854808130848E-6 4.527382441917398E-6 4.417756641032516E-6 0.02138254767924231 5.468157055687617E-6 1.9461309724465707E-4 1.6855663685607792E-6 5.610715085251929E-7 7.186561089342314E-6 0.0019512539726439417 4.299653525579867E-6 
English/CKTAUS_pharma5.en,3.2746919348658844E-6 0.6350516670384703 7.469860176248393E-5 0.1192752829005451 3.392286718882202E-6 3.255024246942544E-6 3.6324604919896215E-6 5.538643010590558E-6 4.106446464070986E-6 4.911464374300444E-6 5.027539572728567E-6 4.905802993322788E-6 0.14965136876860868 7.59039754957557E-5 7.6449284398096E-5 1.8717772861288826E-6 6.230552087060434E-7 7.980487783399635E-6 0.09574133509805587 4.7746525782168675E-6 
English/CKTAUS_pharma6.en,2.717370649188958E-6 0.006317812872389211 4.038576376516215E-6 0.01576382410511621 2.8149519242949918E-6 2.701050213873726E-6 3.01425041548995E-6 4.596018878316488E-6 3.407568502894696E-6 4.075580054771729E-6 4.17190036324077E-6 4.070882186755881E-6 0.4279405029300826 6.298584394240792E-5 5.491309551019195E-6 1.5532186722637466E-6 5.170171639462762E-7 6.622284996621939E-6 0.5498611202162008 3.9620523194809395E-6 
English/CKTAUS_pharma7.en,3.335010326208861E-6 0.045588584464083565 4.956517037116261E-6 0.7005861574681659 3.454771154648066E-6 3.3149803680871122E-6 3.6993688234759865E-6 5.640662389288398E-6 4.182085409588761E-6 5.001931397180347E-6 5.740641467044391E-4 4.99616573604439E-6 0.20425290363119805 6.184093226681376E-6 8.601554495619569E-4 2.863782556312798E-4 6.345316127936696E-7 7.924548513026063E-5 0.04772224838245595 4.862599587727377E-6 
English/CKTAUS_pharma8.en,3.3921854976438053E-6 0.051216747013958244 5.04149120019164E-6 0.5980871008478617 3.513999496906318E-6 3.371812147395068E-6 3.762790530155908E-6 5.7373654898994295E-6 4.253782773872676E-6 5.087684140700249E-6 5.20792403274986E-6 7.284542397927808E-4 0.33506814631744747 0.004563536359869054 0.002828007425675559 1.9389352925760077E-6 6.454099760350845E-7 8.266821875591332E-6 0.007452841629304765 4.9459636369667225E-6 
English/CKTAUS_pharma9.en,3.2866264972650166E-6 0.03595615456069022 4.884608632336687E-6 0.9018723176098862 3.404649853591515E-6 3.2668871307674975E-6 3.6456989361750004E-6 8.465936003858919E-4 4.12141234255328E-6 4.929364127685522E-6 5.0458623603184455E-6 1.4509614409379605E-4 0.05123501263157173 9.172153782002613E-4 6.6416716028234215E-6 1.8785989485212258E-6 6.253259234524403E-7 6.387856514530829E-4 0.00827221543265046 7.487828471314887E-5 
English/CKTAUS_software10.en,2.635808921946091E-6 0.09993893530147452 9.594492765662488E-4 0.29160802134420744 2.730461300566625E-6 2.6199783435791785E-6 2.9237778587545384E-6 4.4580696301091435E-6 3.3052905258813528E-6 3.953251748589804E-6 4.0466810084160536E-6 3.9486948868183E-6 0.5065459181094762 0.009841245545193994 0.0041647007187690125 5.771435877365569E-5 5.014989228413121E-7 0.0034913046295801434 0.08150288799547652 0.0018586992073345695 
English/CKTAUS_software11.en,5.958371260373738E-5 0.08520293843042465 6.0881381953722924E-5 0.31900936439804994 2.764805479030178E-6 5.956768290582664E-5 2.9605536037716945E-6 0.0013135533952317105 3.3468649981770057E-6 4.0029763806645184E-6 6.101233086471526E-5 3.998362201957637E-6 0.4734184970555331 0.013550659557454641 0.009054838744538007 1.5255491428267677E-6 5.078068564134771E-7 6.504313513967126E-6 0.09817960060719856 3.891471064412102E-6 
English/CKTAUS_software12.en,3.3655299552457873E-4 0.10447002691994227 0.0011726795069447293 0.2910891289155661 2.7037146258943597E-6 2.5943139225564195E-6 2.8951375205135787E-6 0.004123044808389607 3.2729130186906364E-6 1.1522886239746934E-4 4.007041091010128E-6 3.910014808292431E-6 0.4948494484657598 0.005737527961840007 0.0021759038513432974 1.4918407682800729E-6 4.965864091444711E-7 0.004124991003382401 0.09178028966121911 3.805485526159452E-6 
English/CKTAUS_software13.en,2.6630514382965778E-6 0.09983608450899853 6.286335202468152E-4 0.27474590442036434 2.758682100642731E-6 2.647057242306852E-6 2.9539966904229215E-6 0.002048897259419587 3.3394524981110954E-6 0.0019348098287923158 6.087720324325388E-5 3.989506792461979E-6 0.49996929610935503 0.011078734113107301 0.0013115215849080417 1.5221704188185056E-6 5.066821865033718E-7 0.004719951807947989 0.10364102619185606 3.882852393047361E-6 
English/CKTAUS_software14.en,2.529734646646436E-6 0.08685415119621571 1.65596992694443E-4 0.29476171296489245 2.6205778787146662E-6 2.514541146754318E-6 0.001081721330255027 0.0018384345275900868 3.1722739425211224E-6 3.7941589134387838E-6 3.883828249339844E-6 3.8141011088200686E-4 0.4796332813839621 0.014354263241451023 0.003511586582046576 1.4459680317134933E-6 4.813168321134783E-7 0.0021639954435383473 0.11522971535649763 3.688470333411568E-6 
English/CKTAUS_software1.en,0.09605642799299866 0.04571781502627406 4.955107447785283E-6 0.14127401494685865 7.455156357899063E-5 3.3140376171746742E-6 3.6983167559079995E-6 5.639058235108346E-6 0.03903685933291199 0.0628554335474637 0.009816611628936813 0.02026786060006647 0.30785537177199723 0.0060494932036190005 0.005481266199490907 1.9057124821822364E-6 6.343511576504986E-7 0.0016433739968908275 0.038465965858790876 0.225384807746426 
English/CKTAUS_software2.en,2.619904951200418E-6 0.0900617329903831 0.0016799521096728172 0.29269781315085186 2.713986215333837E-6 6.171589119888881E-4 2.906136338102068E-6 0.0022950443001197 1.150225728660901E-4 3.9293985778852175E-6 4.022264103291004E-6 1.1566209504723445E-4 0.4957237789888882 0.013972011306336114 0.0021283016400665366 1.4975083693405134E-6 4.984729735278217E-7 0.008386676696890647 0.09218483762254442 3.819942815611608E-6 
English/CKTAUS_software3.en,2.6738323236179624E-6 0.08781019893963629 3.973869394722408E-6 0.30767454066290595 2.878628322761515E-4 2.657773377999186E-6 2.9659554153282013E-6 0.001886136062594768 3.3529716716053094E-6 3.4612185876765444E-4 4.105057234454218E-6 4.0056575939823315E-6 0.4954361933940384 0.015342960513600802 5.18570694414508E-4 5.717142969455583E-4 5.087333983081935E-7 0.0061075059991903494 0.083990052323796 3.8985714233925214E-6 
English/CKTAUS_software4.en,2.5191347088534664E-6 0.07327516903512461 7.558200448408465E-4 0.28783233026786387 2.6095972952242867E-6 2.5040048718257238E-6 2.794356686344226E-6 0.006719225806049574 3.1589816762759025E-6 3.778260863217427E-6 0.0017766183337688882 3.7739057111589966E-6 0.5228555563793106 0.009727940644926061 5.090710938222498E-6 1.4399092258197194E-6 4.793000480662363E-7 0.005163232356299492 0.09186228595465817 3.67301513294728E-6 
English/CKTAUS_software5.en,2.5619365553004156E-6 0.07594060884800506 3.8075690754434572E-6 0.28294359164606464 2.6539361637754647E-6 2.546549651844684E-6 2.841834745134241E-6 0.0028452208329571202 3.2126549666170238E-6 3.842456136592685E-6 3.9332669059510365E-6 3.8380269874792336E-6 0.5265491517214947 0.008090354060655685 0.005413790340495361 1.464374282557051E-6 4.874436884151414E-7 0.0032841908435463424 0.09489816623541367 3.7354222083471035E-6 
English/CKTAUS_software6.en,2.545388318307384E-6 0.09005129241889664 8.722560979515194E-4 0.2924604130866443 2.636793676576993E-6 2.530100802997876E-6 5.71030487572573E-5 2.214234176878717E-4 3.1919035644582043E-6 3.817636679353547E-6 3.907860877537934E-6 4.923293678202843E-4 0.5133234269828075 0.01031783823651278 5.14376468574349E-6 1.4549154953657292E-6 4.842951585813472E-7 0.00418573006510104 0.08798876332444991 3.7112941120268126E-6 
English/CKTAUS_software7.en,2.565159797830083E-6 0.09736961610088794 1.679159309710463E-4 0.2789781766769078 3.308644181309165E-4 2.5497535356897985E-6 2.845410135240546E-6 0.0021923861972384614 3.216696895797558E-6 3.847290435870013E-6 3.93821545674382E-6 3.842855714322784E-6 0.5007362414267598 0.010343281566970185 2.786896717142734E-4 1.4662166519385735E-6 4.880569546664336E-7 0.006460991822753782 0.1031133364102425 3.7401218453085643E-6 
English/CKTAUS_software8.en,7.351962553205367E-4 0.08261106645562956 0.002596040606084179 0.2927982724978114 2.737385103372226E-6 2.626621987787622E-6 2.931191866540402E-6 0.0027656335563903574 3.3136719593818663E-6 3.963276258200123E-6 4.0569424324888395E-6 3.9587078413070315E-6 0.5153249870132047 0.011274957847553686 0.0033300070713843267 1.5104192789364337E-6 5.027706052666422E-7 0.005923220196328903 0.08261116463614615 3.85287681275225E-6 
English/CKTAUS_software9.en,2.5943945912179433E-6 0.09538114666139343 3.855808448722831E-6 0.2881327129488582 2.68755977367651E-6 2.5788127459069997E-6 5.007993547071765E-4 0.0014428279581313824 3.25335717295439E-6 3.8911375057839E-6 3.983098787323138E-6 3.8866522422906015E-6 0.5117542302352804 0.008248178090279374 0.004043939536690022 1.1213215266661662E-4 4.936192764536577E-7 0.004321642393572999 0.08603138348034738 3.7827475287008866E-6 
English/CKTAUS_undef1.en,3.596130691761775E-6 1.5547130097049374E-4 0.005603444957510234 2.951231583094499E-6 3.7252684001030325E-6 3.5745324536423133E-6 3.989017263815061E-6 0.009208439066298292 0.01932945872193459 0.004223140413882827 5.521035175565771E-6 0.007674017981246464 2.1640268154808753E-6 0.037736330997499325 0.8949364618922393 2.0555080846303528E-6 6.842133560211076E-7 0.021097498078619836 2.2323007946587595E-6 5.243325180061061E-6 
English/CKTAUS_undef2.en,2.4328770163211408E-6 1.4198178640170022E-6 0.003479596101810054 1.996585803958678E-6 2.5202420732373315E-6 0.0104303592911708 0.0083035472529733 0.030976656097319987 3.050814983486586E-6 3.648889431550457E-6 3.7351255380415738E-6 3.6446834042553304E-6 1.5710493190447398E-4 0.017955096321484294 0.16410231672338046 1.3906052934660006E-6 4.6288833493651523E-7 0.7645659632925803 1.5102102126828053E-6 3.547247420370868E-6 
English/CKTAUS_undef3.en,1.998030012837104E-6 1.166042790505682E-6 0.001749870182273824 1.6397205172114448E-6 2.069779634630863E-6 0.013082437577471722 0.01661907659209876 0.043846326081712635 4.511285315920027E-5 2.9966950852231537E-6 3.0675175426690355E-6 2.993240833851589E-6 1.2023452139323748E-6 0.022798628643872762 4.0376535663215835E-6 1.1420516095616971E-6 3.801527079218659E-7 0.9018317013409437 1.2402786126839085E-6 2.913220340080041E-6 
English/CKTAUS_undef4.en,1.9686720590311863E-6 1.1489095992325539E-6 0.0021439714055449485 1.6156273660127027E-6 2.0393674313548776E-6 0.018473722382490634 0.011337130786924764 0.04467141727370367 2.46870440839042E-6 2.952663296252437E-6 3.0224451274711057E-6 2.949259799750193E-6 1.1846786148209477E-6 0.015452763491152868 2.9784732364124516E-4 1.1252709315027737E-6 3.745669531701056E-7 0.9075982047012308 1.2220546410800294E-6 2.8704150830913905E-6 
English/CKTAUS_undef5.en,3.4549151754772483E-6 2.0162754844976205E-6 5.1347205117985154E-6 2.8353404413635747E-6 3.578981808899847E-6 0.001992657323682046 0.004719028008809033 0.013193656255453172 4.332445459968065E-6 5.181767671004274E-6 0.7562784791615557 5.175794714939122E-6 2.079048212033074E-6 0.0029534037042117938 6.9817522709763085E-6 1.9747908748629045E-6 6.573451605629627E-7 0.21337102218909584 2.1446411581660547E-6 0.007446205538248028 
English/CKTAUS_undef6.en,2.2840181608695284E-5 1.3329443966080664E-5 3.394524700108464E-5 1.8744220136830608E-5 2.3660376691649858E-5 2.2703004257992636E-5 2.5335530478488038E-5 3.863069099133446E-5 2.864146761628348E-5 3.4256272194426556E-5 0.9965585449167323 3.421678543589854E-5 1.3744429696312043E-5 0.00247764930591382 5.332152074875464E-4 1.3055192365130182E-5 4.345658890100267E-6 5.5661965743439274E-5 1.41780596773201E-5 3.330204311550447E-5 
English/CSTAUS_business10.en,5.046636286589959E-6 1.1056305983161704E-4 7.500348211229419E-6 4.141615996185732E-6 5.227861915117598E-6 0.003879259354812468 5.5979943436206066E-6 0.007434168088395357 0.0011901249362777306 7.56907056438993E-6 0.006141966082736451 0.9764244213773645 1.1065475271219402E-4 5.474472623242585E-4 1.0198329789623202E-5 2.8846008603187178E-6 9.601920080868848E-7 1.1991661245061837E-4 3.1327032186890233E-6 0.003989219119900897 
English/CSTAUS_business11.en,5.132807848355734E-6 2.2190637165761003E-4 2.2653930135278986E-4 4.212334292167112E-6 5.317127913366483E-6 2.240128647082189E-4 5.6935803712143875E-6 7.748694584289543E-4 4.442582827043981E-4 7.698312814991976E-6 0.006027929570089573 0.9731760257214367 3.0887458701093057E-6 9.517740319849858E-6 0.002637303078712324 2.9338555612895544E-6 9.765873336528909E-7 1.250875231719112E-5 3.186194279580497E-6 0.016206889311987674 
English/CSTAUS_business12.en,5.353116683698449E-6 3.124058735683846E-6 7.955841646398846E-6 4.393134838261741E-6 5.54534807912571E-6 5.3209660477161E-6 5.9379585161929105E-6 1.2320743789010272E-4 6.712780168261289E-6 0.001377870206437679 8.218484822398933E-6 0.9832117338249245 3.221320091747349E-6 9.926257908450457E-6 0.0017231195068636849 3.05978162765857E-6 1.0185041215872838E-6 1.3045649223525467E-5 3.3229511525530283E-6 0.013477912870220746 
English/CSTAUS_business13.en,5.426208294248132E-6 3.1667147243228192E-6 8.064470939121787E-6 4.453118828834616E-6 5.62106442272722E-6 5.3936186725490504E-6 6.019035574095913E-6 9.177605478842328E-6 1.2251654700724858E-4 8.138362097815091E-6 0.00602536043812825 0.9723369921997391 3.2653040897645927E-6 1.0061791321998041E-5 1.266774858036447E-4 3.101559974799208E-6 1.0324108064210004E-6 0.0038317234162407346 3.3683228240239035E-6 0.01748044032503149 
English/CSTAUS_business14.en,9.989315617879169E-5 2.611338279143025E-6 6.650129076236432E-6 3.6721336374229565E-6 2.9089102435548176E-4 0.002771586883220452 4.963420884564019E-6 7.568042777487213E-6 5.611078822759632E-6 0.0010563155831167597 6.869667259501285E-6 0.979764815191862 2.6926371034157347E-6 1.9913434645519034E-4 0.0027761814687917662 2.557610328787356E-6 8.513472457436448E-7 1.0904597536706514E-5 2.777588476576678E-6 0.012983452754591255 
English/CSTAUS_business15.en,4.775293458213673E-6 2.786843277490329E-6 0.006218822552073745 3.9189334538674574E-6 5.141046009837875E-4 4.746613208789734E-6 0.001125444223518367 2.1173981244774625E-4 0.002144451061525683 0.012226949924663498 7.331369579210309E-6 0.9562055508272533 2.873606100867859E-6 8.854803146569218E-6 5.188078213819879E-4 2.729504334290995E-6 9.085653006201869E-7 1.1637482811641387E-5 2.964266956681929E-6 0.020780601894523604 
English/CSTAUS_business16.en,5.093226670569567E-6 2.972387902820303E-6 7.569591184825614E-6 4.179851261935142E-6 5.2761253682744885E-6 5.062636925130293E-6 0.002177877405712313 8.614417741087111E-6 6.3868794586105155E-6 0.007610436006007527 3.33653642850892E-4 0.9749034357548108 3.0649272891234134E-6 9.44434513677414E-6 0.003594468236369435 2.911231402739077E-6 9.690564698412995E-7 5.554692249351545E-4 3.1616242341068985E-6 0.010759953428268106 
English/CSTAUS_business17.en,4.739099216409713E-6 2.76572045428839E-6 7.043284340717809E-6 3.88922997568667E-6 7.123274250848384E-4 4.7106363483659415E-6 5.256858053712549E-6 8.01546504939795E-6 5.942805493520193E-6 0.002937840129479813 8.157536804117045E-4 0.9850363352116374 2.851825660571515E-6 8.787688342208423E-6 0.003041368899074536 2.70881611046878E-6 9.016788479920723E-7 7.189674206942194E-4 2.9417993542318447E-6 0.006676852326369975 
English/CSTAUS_business18.en,4.646130937800244E-6 2.7114645170292867E-6 0.0015921405835131503 3.812933827527556E-6 1.0389019117855619E-4 1.036954432663365E-4 5.153732750394206E-6 7.858223355593229E-6 5.8262237610824344E-6 0.005654369742125126 0.0035739128760687465 0.9785926310026895 2.7958805726021384E-6 0.002386468501695518 0.0010992383668169878 2.655676482163917E-6 8.839903535064264E-7 3.08554361740103E-4 2.884089226317583E-6 0.006545870585122003 
English/CSTAUS_business19.en,4.79580475901852E-6 2.7988135953903218E-6 7.127560537954949E-6 3.9357664346276655E-6 4.968022981690605E-6 4.767001319422451E-6 5.319758823403352E-6 0.0010308009931332194 0.004710386162674638 0.001029882486492442 7.362859984578389E-6 0.9725850125198173 2.8859490908108466E-6 1.1116179907954575E-4 0.0029754913410433327 2.7412283644346254E-6 9.124678578860265E-7 2.162253931074579E-4 2.9769993618726076E-6 0.017290447071540913 
English/CSTAUS_business1.en,5.987386971611342E-6 3.494216486919332E-6 8.898498844030565E-6 4.913660555025923E-6 6.20239512863897E-6 5.951426929941423E-6 6.641524472292786E-6 1.0126753802071546E-5 7.735825201286507E-4 1.3665909322180803E-4 9.192261603761607E-6 0.9768814683948076 3.6030019684518463E-6 0.00716112982016118 0.00614069436186637 3.4223234306115255E-6 1.1391827730366131E-6 0.008696767552912902 3.716674904300977E-6 1.3640894903062104E-4 
English/CSTAUS_business20.en,4.393239122893594E-6 2.563877806291605E-6 1.0021364641795932E-4 3.605393452821943E-6 7.54026056410261E-4 4.366853478759647E-6 4.873211851125682E-6 7.430495339972841E-6 5.509098755197434E-6 0.0031918580741521615 6.744812636462999E-6 0.984535750973196 2.6436990431245467E-6 0.001413412090305091 0.0016951968078712319 2.5111263490810735E-6 8.358742052852454E-7 1.9807517280105822E-4 2.7271064446094345E-6 0.008063262390360593 
English/CSTAUS_business21.en,2.0055520359489219E-4 2.681443808203477E-6 1.0480891914018416E-4 3.770717904918436E-6 2.0072019975169396E-4 4.567094497724313E-6 5.096671811815103E-6 7.771218921729236E-6 2.0172223070301834E-4 0.0032402397038652476 7.0540944022974515E-6 0.9777518656229526 2.764925228707841E-6 0.0017721645330454358 0.0027527322186648292 2.6262734455739557E-6 8.74203016500624E-7 1.1197348799768837E-5 2.8521572565841947E-6 0.013723935219188355 
English/CSTAUS_business2.en,5.989681242248494E-6 3.4955554146224857E-6 8.901908606036828E-6 4.915543390925085E-6 6.204771786952709E-6 5.953707421267483E-6 6.644069397926448E-6 0.0019260504236206673 0.004477990537397849 5.198954166758279E-4 9.195783930944821E-6 0.9759785138426426 3.6043825810063735E-6 1.1106636434999049E-5 0.002055751826696907 3.4236348100488187E-6 1.139619289600336E-6 0.006656452239355012 3.718099074500967E-6 0.008311052320229972 
English/CSTAUS_business3.en,6.371353513599855E-6 3.718297914727997E-6 9.469152761379034E-6 5.228769844063727E-6 6.600149979107402E-6 0.0074790192883972826 7.067440351331426E-6 5.542442621159794E-4 0.003540532211550532 9.555914394555483E-6 0.002727122191034793 0.9734967563589539 3.834059725894898E-6 1.181436944845546E-5 0.002594348756142919 3.641794411767188E-6 1.2122376920070564E-6 1.552711213462173E-5 3.9550224200814505E-6 0.009519981257212836 
English/CSTAUS_business4.en,6.193790295090895E-6 3.6146726891452427E-6 9.205256991465385E-6 5.08304928400176E-6 6.4162104330705025E-6 0.004761056192581975 0.0018559981008844694 1.0475853609836978E-5 0.0029135389594433752 9.289600665130243E-6 2.7367023564019047E-4 0.9900850404604712 3.7272083349883477E-6 1.1485114846675185E-5 1.2516518427323874E-5 3.5403012619174684E-6 1.1784538459637954E-6 1.5094387125895095E-5 3.844799920468809E-6 9.030833247708697E-6 
English/CSTAUS_business5.en,5.285540065336809E-6 3.0846212757152357E-6 7.968422546005409E-4 4.337676828672581E-6 5.475344772086524E-6 5.253795292216459E-6 0.003274522788822588 8.939686578876015E-6 0.0031625754227428172 0.0038401492069678653 8.114736399719216E-6 0.9850016390553952 3.1806548248900803E-6 9.800950917761972E-6 0.0020395044285076297 3.0211555883734736E-6 1.0056467399176748E-6 1.2880963693403801E-5 1.1599340946295206E-4 0.0016983926605234206 
English/CSTAUS_business6.en,5.48587784953557E-6 3.201537652060927E-6 8.15315227394558E-6 4.5020877599463E-6 1.226674207421919E-4 5.4529298545252705E-6 6.085224182510795E-6 9.278527450102918E-6 0.005505152830892043 8.227855980248526E-6 0.0025820822776213455 0.9859539553688185 3.301211160107071E-6 2.441415243237121E-4 0.0030526841012369697 3.1356664252629258E-6 1.0437637605194244E-6 4.813073668389076E-4 3.405362744733745E-6 0.0019967359124328093 
English/CSTAUS_business7.en,2.359766575565629E-4 3.155032310025354E-6 8.03472007780262E-6 4.436690705810237E-6 0.0010431674301634231 5.373720925710255E-6 5.996830584581801E-6 9.143748122308437E-6 6.779334229234899E-6 2.386788058790146E-4 0.0027751455740745437 0.965983071479258 3.2532579667302564E-6 1.2530990570938769E-4 0.0012790624925923155 3.0901179246783883E-6 1.0286021113487378E-6 0.004163443400960914 3.3558966517464907E-6 0.024102496302195887 
English/CSTAUS_business8.en,5.146326892007409E-6 2.2249083965517692E-4 7.648509127046949E-6 4.22342894695523E-6 5.331132428338803E-6 5.115418228451661E-6 5.708576405324143E-6 8.704228683971897E-6 0.004066971526124595 0.00922619202086344 7.901006451412691E-6 0.9653135704842609 3.0968811620354034E-6 9.54280861592694E-6 1.0399786287226543E-5 2.9415828954451643E-6 9.791595177640797E-7 0.0016586976684622148 3.194586235956219E-6 0.019432144028755795 
English/CSTAUS_business9.en,5.347012883712496E-6 3.120496581000192E-6 0.0014902495949351995 4.388125641199826E-6 1.1956231930607238E-4 5.314898906944406E-6 5.931187860283597E-6 9.212300122192174E-4 0.0010329147739746997 8.019582852258425E-6 0.001262465350205794 0.9876777848334636 3.217647036461513E-6 9.914939662190914E-6 1.080533600615606E-5 3.0562927638509128E-6 1.0173427896361292E-6 1.3030774144529004E-5 3.3191622141837154E-6 0.00741931031655301 
English/CSTAUS_electronics1.en,4.2280639396830185E-6 2.4674821914531355E-6 6.283779929065005E-6 3.4698393644927295E-6 0.0020781076276983664 4.202670332058361E-6 4.689990852264262E-6 0.0014497443323695724 5.301969944140242E-6 6.341355408403631E-6 6.491223967195436E-6 6.334045810665419E-6 2.5443023425156103E-6 9.094608317154069E-4 7.298407475064307E-4 0.9947605941284536 8.044473534484056E-7 1.0303873857207508E-5 2.6245738270981854E-6 6.164713136993167E-6 
English/CSTAUS_electronics2.en,4.208711166880416E-6 2.4561879861320026E-6 0.006468210653522275 3.4539571512999966E-6 0.016518246471644002 4.1834337913482744E-6 4.668523739016926E-6 7.118394386918517E-6 0.0013515184591328727 0.00548102474332576 3.6545904754002167E-4 6.305053498523547E-6 2.5326565145720707E-6 0.002969533858814439 0.015624897822815328 0.9491021396643862 8.007652220792881E-7 0.0015359962359003097 2.612560579024341E-6 5.446327988831294E-4 
English/CSTAUS_electronics3.en,0.09159035956942556 3.637735444904019E-6 9.263989444428128E-6 5.115480747159902E-6 0.3055970322909224 6.195871598640314E-6 6.914313715678685E-6 9.410055140985193E-4 0.008514905187468941 0.016890602913521707 9.569818006415308E-6 0.008516426746155159 3.7509891037838313E-6 0.008784493565084718 0.4801314121309935 0.07816243987258632 1.185972754468034E-6 8.127302551448129E-4 3.869330960796032E-6 9.088452821983178E-6 
English/CSTAUS_hardware10.en,3.5005641525378134E-6 2.042916055586865E-6 8.263347580951167E-4 2.87280312400348E-6 0.020233337588445626 3.4795398837891364E-6 3.883009833195045E-6 5.920671489781365E-6 4.389689037125038E-6 0.9594608944226297 0.005678651289539884 0.0027672342874680814 2.1065181843243026E-6 1.557878413690669E-4 0.0012014481004915497 2.0008833196169427E-6 6.660305066948737E-7 0.002621224286464771 2.172977794540562E-6 0.007022051822115082 
English/CSTAUS_hardware11.en,0.007838648389683968 2.1879503916148775E-6 5.571914076722369E-6 3.076754281217991E-6 0.011116649056621934 0.0010430499430696175 4.1586793847694035E-6 0.005043061985576616 4.701329661382595E-6 0.9329982241461111 0.003523465750606819 0.027907451773570922 2.25606787598143E-6 0.0012861191389425544 0.0030455983909192493 2.142933592772589E-6 7.133145309447798E-7 0.006165128899481855 2.327245705242488E-6 5.4663359148032E-6 
English/CSTAUS_hardware12.en,0.021723800485963413 2.7646028941465946E-6 7.040438321397847E-6 3.8876584327650555E-6 4.907297412014042E-6 4.708732895174473E-6 0.004854161889614332 0.007887486354254672 5.94040415084664E-6 0.4729775904284258 0.02940377249324048 0.4163059798560675 2.8506733074171454E-6 0.016575883586191432 2.116107819479828E-4 2.707721543983646E-6 9.013145015738891E-7 0.02395302369137153 1.0395950972258424E-4 0.005967022079740954 
English/CSTAUS_hardware13.en,2.4011828804683478E-4 2.156741098449521E-6 4.7833780165842726E-4 3.032866939563309E-6 0.005126319783025449 3.673409218425525E-6 4.099359281079027E-6 3.214807974236259E-4 3.198645133048443E-4 0.8971508177594479 0.013560574255728658 0.06265754740620859 2.2238869435378568E-6 3.220829861626223E-4 0.010488873761936454 2.112366426813507E-6 7.031396922461139E-7 0.001427542359744376 2.2940494802453015E-6 0.007886144468232 
English/CSTAUS_hardware14.en,3.290777985333317E-6 1.920485638503553E-6 8.469878999245369E-4 2.700638201363548E-6 0.019020768940230054 0.0030909604585247666 3.650303985044028E-6 0.0030230805348463482 0.003793563664226299 0.8914349132678548 0.006531304926248781 0.030671300069507988 1.980276139676845E-6 6.1020734147908195E-6 0.008638145554530586 2.825800123326373E-4 6.261158011924792E-7 0.0016220391723303076 2.042752875620948E-6 0.031022042075401414 
English/CSTAUS_hardware15.en,0.008954140460615522 2.1116430564564984E-6 5.377587040535625E-6 2.9694488683363057E-6 0.021608456857693043 0.0023955464772901372 4.013640565404024E-6 6.119852456377727E-6 4.537365277392896E-6 0.9176654243918979 0.004712295201838954 0.019141019644454818 2.1773848636917845E-6 7.783061847672369E-4 0.0035566569646418174 2.068196271253541E-6 6.884368503562492E-7 0.005101356391787707 2.2460802827052953E-6 0.016054487789480505 
English/CSTAUS_hardware16.en,0.009638733244776806 2.234578025159376E-6 0.003353411631227495 4.1140097861257734E-4 0.004984722073621809 3.8059827963646874E-6 4.247305424521141E-6 0.0026193315300631972 0.008333278088452219 0.8645342712781212 0.022705059756329093 0.05258945098264365 2.3041471681701046E-6 7.100057864127358E-6 0.006948134808183331 3.2879552611484353E-4 7.285160495341984E-7 0.006214862858050825 2.3768418753969508E-6 0.017315749814599803 
English/CSTAUS_hardware17.en,0.028317434276800044 3.393714020008033E-4 5.872879397126136E-6 3.242944270026136E-6 0.03396341945329365 3.927854935195244E-6 4.3833092437836535E-6 5.965477324302404E-4 4.955270617466768E-6 0.8725836446725105 0.01879745556684748 0.028825000452277944 2.377928726992042E-6 0.007759828622640823 0.004558366583779868 2.2586835283373135E-6 7.518440081402975E-7 0.0015264238121897916 2.452951206025912E-6 0.002702283759295939 
English/CSTAUS_hardware18.en,0.012596724116368396 2.0637131902032494E-6 9.101552575934991E-4 7.831035948472198E-5 0.00965592697785975 0.002718214153507132 3.809640937195297E-4 5.980944647680161E-6 4.434376606924831E-6 0.9550515609070261 0.0031725780825476065 0.001664280406910818 2.1279627963686625E-6 6.852319567170263E-4 0.0035513366258031523 0.0024904955114152098 6.72810778487477E-7 0.001969233871535893 2.195098973522873E-6 0.005057512772518059 
English/CSTAUS_hardware19.en,0.005839680013292134 1.9244019273681926E-6 0.0022550723277536605 7.302400713466047E-5 0.019270510019677042 0.006613156687864423 3.657747750601326E-6 5.577200098403507E-6 0.003309074535295672 0.8957841864031584 0.016740713633533345 0.010411983492592435 1.984314354407141E-6 0.004295504083213412 0.026516497499146263 1.8848076043944863E-6 6.27392587798442E-7 0.005141239950956446 2.046918494035173E-6 0.003731654563565252 
English/CSTAUS_hardware1.en,0.008783642129959605 2.402708859495127E-6 6.118825805097571E-6 3.378753374986604E-6 4.264918839876768E-6 4.092346958105994E-6 4.566874934586724E-6 6.963404004660056E-6 5.1627890980077995E-6 0.9813814856491025 0.006151988363472553 0.0036057730451264135 2.4775124216788372E-6 7.634269978937134E-6 8.319854189198121E-6 2.353273432705288E-6 7.833299830178743E-7 1.0033389132285016E-5 2.55567671718599E-6 6.002884609179884E-6 
English/CSTAUS_hardware20.en,0.011154948724535835 4.6926895029812145E-4 0.0030096346986326966 2.569890643296901E-6 0.022240101091817826 0.01122170726598767 0.004010114513200871 0.02417869668613534 0.004478009209663784 0.8531521060793321 0.007951312157290365 0.0035438907185255447 1.8844038864332716E-6 0.00554832660820562 0.029521916317815183 1.7899073133304608E-6 5.958032950479959E-7 0.017903960930855674 1.9438559000519102E-6 0.0016072221866652622 
English/CSTAUS_hardware21.en,0.046970349847059445 1.7656091410978642E-6 0.004907678587495909 2.4828467339339353E-6 3.257118153392805E-4 0.003680393891864794 3.3559272480692255E-6 0.0066502192185224985 6.83093850135181E-5 0.8838676488166529 0.019230280359915822 0.007165759000102958 1.8205778705202019E-6 0.002392685531035635 0.01181246043910167 1.7292819593466158E-6 5.756230402392615E-7 0.008007301836553873 1.8780162048025762E-6 0.004907593389143835 
English/CSTAUS_hardware2.en,0.00380035534423157 2.88527015540797E-6 0.003591902940342226 4.057343958593986E-6 0.013394489464138664 4.914256047767223E-6 5.484088469633631E-6 6.409305035157552E-4 0.008018734853551856 0.9507579695038542 0.005173566922870953 0.001694256019621449 2.9750973038924574E-6 9.167540728668552E-6 0.010763656437176304 2.8259060918124538E-6 9.406543838659734E-7 1.2048500219481266E-5 3.068960157127479E-6 0.0021157703931810106 
English/CSTAUS_hardware3.en,0.042718688365789355 3.044134097477994E-6 0.0033447423183615888 4.280742677215916E-6 0.011017470529999678 5.1848366333066625E-6 1.1701904474292705E-4 2.3128834982289977E-4 6.541043151868011E-6 0.9100050006168353 0.01013021127411966 3.415133172703253E-4 7.817699108238249E-4 0.0010107693133067713 0.010243976963986049 2.9815014286385627E-6 9.924471296046367E-7 0.0062417599240005475 3.2379381322759356E-6 0.0037895274276908745 
English/CSTAUS_hardware4.en,0.013788301605270472 2.54883429049078E-6 6.490954144502405E-6 3.5842388590879436E-6 0.01658249914636761 8.42553442453225E-4 0.0015881343510408337 7.386897016456589E-6 0.0048484806624249045 0.9464412718155484 0.003359554083241634 6.542877276149986E-6 2.6281871773756113E-6 2.8750263348955647E-4 0.008484082646764328 6.544392234591246E-4 8.309697255226555E-7 1.037782794425011E-4 2.711105187143365E-6 0.0029866780468209204 
English/CSTAUS_hardware5.en,0.03261597596086295 2.6561990667433505E-6 6.764373190216831E-6 3.7352180751858435E-6 0.02650149730464231 0.005148588085145253 5.048688646252297E-6 3.9592930032558064E-4 0.0037909621055671554 0.8111189536754821 0.013303907802925913 0.06445320505075812 2.73889454242541E-6 0.003017231843467849 0.013694348978556276 2.6015481114333418E-6 8.659727380708823E-7 0.011172740206112319 2.8253053149825047E-6 0.014759423486469019 
English/CSTAUS_hardware6.en,0.011550421004221021 2.6777706470254376E-6 6.8193081614536305E-6 3.7655526075591135E-6 0.0239770327340132 4.560838288232189E-6 5.089690163727199E-6 0.0022582194717650065 5.753824500540266E-6 0.9465694635833395 0.001083350860965919 0.0023551787951550576 2.76113771096117E-6 2.042003182855717E-4 0.011457258879109837 2.6226758592163056E-6 8.730054942657327E-7 5.004122054345643E-4 2.848250244519837E-6 6.690094032999198E-6 
English/CSTAUS_hardware7.en,0.0023135576654177235 2.5278807190014023E-6 7.453899475092029E-4 3.554773387186103E-6 0.016723284125040445 4.305542442222456E-6 4.804791495070434E-6 7.326170481469024E-6 5.4317504867680475E-6 0.9657248548548885 0.003516673798666307 6.489089296576926E-6 2.6065812581073167E-6 8.031985984128578E-6 0.0035187769703243004 7.414282243895068E-4 8.241384522562028E-7 0.004536639261252233 2.6888176117737274E-6 0.0021308036308973818 
English/CSTAUS_hardware8.en,3.609138953924479E-6 2.106279900761412E-6 0.003468730574879015 2.961907055547069E-6 0.02039912010266171 8.501881982398499E-4 4.003446712238092E-6 0.0098574583240922 4.525841267047619E-6 0.9230311060458843 6.982143355524517E-4 0.02194006226043624 2.1718547368095924E-6 6.692408591276575E-6 0.01801679996874546 2.062943461799398E-6 6.866883569243661E-7 8.7955416580478E-6 2.2403756830462854E-6 0.0016984637631314956 
English/CSTAUS_hardware9.en,4.243751583134461E-6 2.4766374410885525E-6 0.0023592189343013743 3.4827137210683363E-6 0.007063131663317089 4.218263756059E-6 4.707392411306523E-6 9.767426912107227E-5 5.32164216652394E-6 0.9835235137033627 6.5153087512984065E-6 6.357547407069913E-6 9.305035182573681E-5 7.869167664860964E-6 0.002723474122603732 2.4256809432090574E-6 8.074321435169545E-7 0.0013677912429951077 3.646207487557884E-4 0.002359099425728523 
English/CSTAUS_industrial1.en,0.048983442980000264 5.339794975261127E-6 0.6062412036057798 7.508962321049214E-6 0.049178888257218466 9.094857097464272E-6 1.01494509965208E-5 1.5475511969689967E-5 1.1473814305436818E-5 0.0013795400543079564 0.020696418259385643 1.3707294873300154E-5 5.5060388728110525E-6 1.696644864491875E-5 7.989569186360745E-4 5.229929378133499E-6 1.740877381277543E-6 2.229826583511783E-5 5.679751684808434E-6 0.27259137892633606 
English/CSTAUS_industrial2.en,0.06437875055687287 3.662564284151825E-6 0.5177995655324809 1.3898090446356313E-4 0.06263917931029116 6.238160627694967E-6 6.961506367908517E-6 1.0614650502827362E-5 0.013658581778317289 0.009779039818612787 0.05407716066616668 0.034805334103019454 3.7765909395656463E-6 1.16372836641985E-5 0.002823123036067051 0.016464739782448355 1.194067440659196E-6 1.5294375987203827E-5 3.895740521875232E-6 0.2233722695709236 
English/CSTAUS_industrial3.en,0.11062445140039961 3.7794039819663262E-6 0.61662542988224 5.314698827967772E-6 0.057456243874214025 6.437164589430751E-6 7.1835858284328575E-6 1.0953269148382167E-5 0.03398068265981453 9.712955159149554E-6 0.024453614960081714 0.036053761139878134 3.897068209017865E-6 1.200852539573345E-5 1.3086933078792508E-5 0.045576650285513866 1.2321594625632057E-6 1.5782282855170268E-5 4.020018789784192E-6 0.07513575773253144 
English/CSTAUS_leisure10.en,3.321727156912882E-4 4.441183553350711E-6 0.0032569369587123562 6.2453109374940255E-6 7.883305267379072E-6 7.5643222162023315E-6 8.441442986129422E-6 0.004394467490533877 0.9548729707605013 0.003906165963755503 1.1683454990711273E-5 0.0027701833996436327 4.579450971306688E-6 0.0068299276831179125 0.018840014374279887 0.0047105087814387535 1.4479125191041613E-6 1.854578536329002E-5 4.7239303918131555E-6 1.1095773128565301E-5 
English/CSTAUS_leisure11.en,7.539067681113748E-6 0.0028982263468606217 0.004673480767386146 6.187076209037793E-6 0.0030624045154060203 7.493788298095646E-6 8.362730309531566E-6 1.275118556154503E-5 0.9405030909417864 0.00853201886412435 1.1574512003624757E-5 8.151349627538645E-4 4.536749641226927E-6 0.01223235852980315 0.02204047067952642 9.689181052221752E-4 1.4344113830963126E-6 1.8372854217755714E-5 0.0028985064572114015 0.0012971374546142177 
English/CSTAUS_leisure12.en,7.6211587301008215E-6 4.447679532058166E-6 0.0079747433019266 0.0016314415231847691 7.894835928642242E-6 3.3261280179674763E-4 4.960099132463321E-4 1.2890030076921688E-5 0.9528567403893006 8.240239420432657E-4 1.1700544010774833E-5 1.1417227652056356E-5 1.6710485693224373E-4 1.4131877107515896E-5 0.021792907806760884 0.00455487998589564 1.4500303349479267E-6 0.009282139253039428 4.730839935377857E-6 1.1112002564957662E-5 
English/CSTAUS_leisure13.en,7.581729199478247E-6 4.424668606486437E-6 0.003083147855075092 6.222087178096427E-6 7.853990476391115E-6 0.0021093487109144467 8.410052709033455E-6 1.2823341026917193E-5 0.9508371547076486 0.00647848670385139 1.1640008995731586E-5 0.0034065937633328282 8.129518516034948E-4 0.007451241516722568 0.020710090690662698 0.0030762134646255953 1.44252832409626E-6 0.001796933566591739 4.706364024993556E-6 1.7273239843010657E-4 
English/CSTAUS_leisure14.en,7.517313878437037E-6 0.004492906086579801 0.0033775615454236197 0.0016092117273003028 3.2839576274029745E-4 7.472165148014874E-6 8.338599847691062E-6 1.2714392315173883E-5 0.950132718647249 0.006102836168505239 8.13062365898317E-4 6.524786595935701E-4 4.523658956720125E-6 0.003861241327120744 0.020534135165803883 0.0027294690689223275 1.4302724227493624E-6 0.005308360102167777 4.666378166671471E-6 1.0960591959443301E-5 
English/CSTAUS_leisure15.en,7.812889578524776E-6 4.5595729331011445E-6 0.006176081864382938 0.0033385578959750388 0.002007381113504489 7.765965630542404E-6 8.66646795691058E-6 1.7982161876270948E-4 0.9576685872469114 6.781471865679053E-4 0.0015114606490511137 0.0010113482896941352 1.713088313054371E-4 0.00484609925163352 0.014344016663966579 4.46576030447721E-6 1.4865097675651711E-6 0.00784958350490907 4.849857001770322E-6 1.7799886016253924E-4 
English/CSTAUS_leisure16.en,7.810287076760374E-6 4.558054122872988E-6 0.00267643662872876 0.0023381349644252406 0.0011739534093943144 7.763378759314717E-6 0.002340388888096354 1.3209911890590177E-5 0.9573495843782579 1.1714062725151816E-5 0.004675441521219829 1.7825236771851083E-4 4.699960073595911E-6 1.448257686948045E-5 0.018003378388255834 0.003835155848482059 1.4860146057874437E-6 0.007347313357342719 4.848241496869434E-6 1.1387760457899401E-5 
English/CSTAUS_leisure17.en,7.6999965195921E-6 4.49368896908618E-6 0.00920663806413948 0.0032903170998505884 7.976504797518073E-6 7.653750603466148E-6 8.54124103952435E-6 1.3023372198996498E-5 0.9551604607909424 5.041483393648942E-4 0.003624219331217519 5.041350273909159E-4 4.633591038745973E-6 1.4278065632381357E-5 0.017913349137438885 4.401231894576434E-6 1.465030309407333E-6 0.009706559006385016 4.779778551689464E-6 1.1226951715089206E-5 
English/CSTAUS_leisure18.en,7.681078036173345E-6 0.003771801395473065 0.004925309693207961 0.0047564011705426065 7.956906947912879E-6 7.6349457438127E-6 8.520255662898441E-6 1.2991374463624007E-5 0.9537964609572414 0.0026322637481484214 1.1792536383932945E-5 0.0023046575343369405 3.322151410954195E-4 0.002798782928808429 0.018033133455125167 0.002461337427383418 1.4614308075704197E-6 0.0041136306180124 4.768034889072814E-6 1.1199367689651704E-5 
English/CSTAUS_leisure19.en,7.488503344475357E-6 4.370262348614218E-6 0.0054405852258346795 0.0019224240820182466 7.757416863949706E-6 7.443527649136229E-6 4.873762672817276E-4 1.2665663681845272E-5 0.9409021352090371 0.00783603532817422 0.004802193137976703 1.121849714524047E-5 3.238860721714269E-4 1.3885894879130477E-5 0.028919000307719274 4.833499703542917E-4 1.4247908221568587E-6 0.00880119276382531 4.648494006341999E-6 1.0918584865952972E-5 
English/CSTAUS_leisure1.en,7.380079144068492E-6 4.306986393604289E-6 1.0968328261347343E-5 6.056599307029519E-6 7.645099130751792E-6 7.335754640774098E-6 8.186371863918033E-6 0.0012715043984237707 0.9781120623269721 0.001584846473391416 0.004260530069003821 1.1056067280848841E-5 4.441075849863284E-6 1.3684844418184334E-5 0.00930020191001816 4.218370700652377E-6 1.4041616258364265E-6 0.005368829396612375 4.581189603506208E-6 1.0760497357781018E-5 
English/CSTAUS_leisure20.en,7.707590032562176E-6 6.619454280776163E-4 0.004942309884090706 6.3253772132786305E-6 0.0013228789861208414 7.66129851005666E-6 8.549664163411374E-6 0.0031359109263945353 0.9496923010520599 1.1560035145166321E-5 1.1833239483231458E-5 1.15467100433058E-5 0.002963151044584993 0.00297280503027941 0.028614533510076746 4.405572261665008E-6 1.46647507975596E-6 0.004620914699398754 4.784492230498797E-6 9.974089847532943E-4 
English/CSTAUS_leisure21.en,7.553640297803389E-6 4.408276029257487E-6 0.00468251435704341 6.199035498148537E-6 7.82489289713943E-6 0.0038734018575938946 8.37889502225658E-6 0.003234353819759561 0.9460258480592433 9.778025335561488E-4 0.005649358361880355 1.1316078556551355E-5 4.545518936892501E-6 0.0038799002622127076 0.024982493924774116 4.31757631503595E-6 1.4371840239778218E-6 0.0022735129587517305 8.100834245271389E-4 0.003554749343080381 
English/CSTAUS_leisure2.en,7.810287076760374E-6 4.558054122872988E-6 0.009505060742001711 0.00550261930960051 8.090755908688739E-6 0.0015067296475265478 8.66358112510241E-6 3.463135271721975E-4 0.9478561313427321 0.0041755092537452436 1.1990907277325756E-5 0.005174806596942621 4.699960073595911E-6 0.002179656076199928 0.012340616928468507 0.0028358450026372372 1.4860146057874437E-6 0.008513176010828344 4.848241496869434E-6 1.1387760457899401E-5 
English/CSTAUS_leisure3.en,7.679820108770242E-6 4.481914091718996E-6 0.0032868066531679782 3.33841872075047E-4 7.955603848107541E-6 0.005248262251636756 8.518860303675513E-6 1.2989246870874031E-5 0.94299523129701 0.003941989802322048 1.1790605124466556E-5 0.008036217584811874 0.0052452500058392665 0.0011606281492961702 0.01835771946007475 0.0049174789707825 1.4611914695696959E-6 0.006405731923563251 4.76725402970416E-6 1.1197533573210251E-5 
English/CSTAUS_leisure4.en,7.194392216125446E-6 4.198620201791339E-6 0.004306397813523365 9.264125235627017E-4 0.0013882152116850134 7.151182942178688E-6 7.98039815920078E-6 0.002927111206486395 0.9419958606918264 0.0018518069516798923 1.1045341756638372E-5 0.006454336072254475 4.329335892171102E-6 0.004769300136455576 0.028550296214436405 0.0016917108055593232 1.3688321322704074E-6 0.005080328587711851 4.4659243052358795E-6 1.0489757212790633E-5 
English/CSTAUS_leisure5.en,8.369450627402973E-4 4.5384012705523334E-6 0.007639907407839286 0.0023280536841413977 0.0034905633657709638 0.005480241682782861 8.626226570761944E-6 3.4482033546742887E-4 0.9452617860732282 0.003825838430498764 1.1939206370851347E-5 6.749848719266329E-4 3.3634707580498276E-4 1.442013269116099E-5 0.018589088415590753 4.445024246171424E-6 1.4796073923567552E-6 0.01063230792743638 4.827337450628581E-6 5.088397307793308E-4 
English/CSTAUS_leisure6.en,7.66100051904072E-6 4.4709310500312365E-6 0.0058926453848899924 0.0032736535588848855 7.93610844348198E-6 0.0016412981969230616 8.49798462512997E-6 0.001483272303699475 0.9547340736747203 1.1490159034549525E-5 0.005239547977910856 0.0027887383682675196 4.6101245971388815E-6 0.004261782096630469 0.018802838375476482 4.378942216788794E-6 1.4576107836181882E-6 0.001815721535832269 4.755571755418466E-6 1.1170093739354024E-5 
English/CSTAUS_leisure7.en,7.420955412188981E-6 0.002219822969696769 0.007132253776231986 6.09014517724847E-6 3.241863187112562E-4 7.376385407424264E-6 8.231713969972883E-6 0.0023862929824210654 0.94665744227456 4.8587844657288086E-4 3.2789205310014476E-4 1.1117303855919091E-5 4.465673771327086E-6 0.004919493210372188 0.026442652493980864 0.003169230489499836 1.4119388984078625E-6 0.0025500760158318654 0.002536597567082451 8.020672854461272E-4 
English/CSTAUS_leisure8.en,7.618682373272806E-6 4.446234339539798E-6 0.004235436348556841 0.003093104518172013 0.0011451535723711 7.5729248271326025E-6 8.45104311256827E-6 0.0019624766446546017 0.9530345246337735 3.363584897205379E-4 0.004073344248295196 0.0014736066200504898 4.584659003679505E-6 1.4127285211243004E-5 0.019836235795030892 0.0039035363595546725 1.4495591739804225E-6 0.006842134687121558 4.729302735039811E-6 1.1108391921957147E-5 
English/CSTAUS_leisure9.en,7.46822913464155E-6 0.002233963911008843 0.009248036328539828 6.1289412374339564E-6 7.736414603546892E-6 7.423375205514278E-6 8.28415246877942E-6 1.263137294157878E-5 0.9444065436938789 1.1201035719839962E-5 0.002718843839238475 1.1188124431938503E-5 4.494121459084741E-6 0.007817467482656222 0.020877828923612462 0.006852342732417076 1.4209333747112353E-6 0.005592213920837365 4.6359087755474765E-6 1.7014655845806374E-4 
English/CSTAUS_software10.en,0.04633548323890131 2.868636238554233E-6 0.0065061632990107586 4.033952900419498E-6 0.005560567284875294 4.8859247920810545E-6 5.452472063990838E-6 0.005249328186263913 6.163944432980492E-6 0.013424369316975505 0.001265390012406195 0.030090786789473262 2.9579455231165853E-6 9.114688793833923E-6 0.007766634614862174 2.809614415665743E-6 9.352314023195133E-7 0.023701364380883123 3.0512672461238395E-6 0.8600576391985393 
English/CSTAUS_software11.en,0.007972273361173563 1.9647436464184315E-6 0.0014408425410806593 2.7628749942324106E-6 0.005316092008087984 3.3463949046943836E-6 3.7344260317924098E-6 1.4927802168164205E-4 4.221717099857283E-6 0.014004480103260417 0.003307598488766259 5.0435120892602096E-6 2.025912032654287E-6 6.242697019609556E-6 6.803313099194875E-6 7.37162719688825E-5 6.405447755775205E-7 6.543320793309076E-4 2.089828558523643E-6 0.9670425111603979 
English/CSTAUS_software12.en,0.0029287542294816086 4.300612153135031E-4 4.972785145738759E-6 2.7459213792702768E-6 3.4661102849262074E-6 3.32586068188522E-6 3.7115107637546794E-6 5.659175976100392E-6 4.19581170553454E-6 5.018348563243182E-6 0.006426764866372341 0.002145555202831888 2.0134805862006926E-6 9.337728672799488E-4 2.921672516385931E-4 1.9125112468914143E-6 6.366142504854271E-7 5.076141096887697E-4 2.0770049060630565E-6 0.9862955751219032 
English/CSTAUS_software13.en,0.0022324752413487715 2.1783717916122613E-6 5.547520865434577E-6 3.063284598048268E-6 3.866710216507646E-6 0.002073256925066121 4.140473155542958E-6 8.818906811428611E-4 4.680747770458833E-6 5.598350330593129E-6 0.0013588957920446024 0.007567397052082464 2.246191065316254E-6 6.92147045029977E-6 0.003987440492709744 2.1335520712371816E-6 7.101917203937916E-7 9.096587700863317E-6 2.3170572860700264E-6 0.981846143306583 
English/CSTAUS_software14.en,0.02609941919340992 1.8695810467367096E-6 4.76114311906174E-6 2.629054804750661E-6 3.3185924284556833E-6 3.1843118567237756E-6 0.0019846798669540494 5.41832111553395E-6 4.017237713920316E-6 0.003010651595128711 4.918320926986983E-6 0.007109528094609442 1.9277867346769626E-6 5.940331223189078E-6 6.47379379414544E-6 1.8311146563547121E-6 6.095199107471292E-7 7.80711906984675E-6 1.98860745577024E-6 0.961739026414041 
English/CSTAUS_software1.en,0.8593437610865383 1.9841159705583547E-6 5.0528219234642115E-6 2.7901168738760615E-6 3.5218971911198655E-6 3.3793902763359215E-6 3.7712473808250574E-6 5.750260186745709E-6 0.006456747284210465 0.12702478299259773 3.677187266265681E-4 5.093240994695215E-6 2.045887475581456E-6 7.880406942176756E-5 2.9686967185035167E-4 1.943293038800531E-6 6.468605313460872E-7 0.006388269523032381 2.1104342168274065E-6 4.957079662575286E-6 
English/CSTAUS_software2.en,0.9250989481619031 2.2206166015646643E-6 5.655103035553398E-6 3.1226903781694356E-6 3.941696699010929E-6 3.7822033904025962E-6 8.53623477594717E-5 0.005686346209521699 8.591309983214624E-5 0.011446669568686276 5.841792802378731E-6 0.012258078781208633 2.289751083416213E-6 7.0556974013142605E-6 0.0013870961681470612 2.174927699640018E-6 7.239643529505145E-7 0.006744024060091833 2.3619916012662457E-6 0.037168391167804564 
English/CSTAUS_software3.en,0.9671087220241522 2.0929104154629764E-6 5.329881815387009E-6 2.943106528219171E-6 0.001380268265881407 3.564691385084409E-6 3.978035074429182E-6 0.004288675684635531 4.497113761144453E-6 0.020424251978023437 5.505835177698083E-6 5.372517173611005E-6 2.1580690191736715E-6 6.649928929271611E-6 0.0013838003694040982 2.0498490519471937E-6 6.823296437784123E-7 0.0029147965810737025 2.226155032815216E-6 0.0024524346738220154 
English/CSTAUS_software4.en,0.9984043805392512 1.8126198973400178E-6 4.616083783454291E-6 2.548954515026991E-6 3.2174837659379814E-6 3.087294365177691E-6 3.4452814965000447E-6 5.253239318689738E-6 1.3636151091045277E-4 9.319250529311927E-4 7.100180666168143E-5 4.65300925244525E-6 1.8690522131698246E-6 5.759345170265342E-6 4.036765577131619E-4 1.7753254753052204E-6 5.909494643057052E-7 7.569256968884873E-6 1.9280198890652724E-6 4.528616957079848E-6 
English/CSTAUS_software5.en,0.972626695665571 2.318636405393351E-6 0.0028864946689677673 3.260528444439059E-6 0.00618891174503192 8.867238657216465E-5 4.407076804318343E-6 6.719749655419873E-6 4.9821395166970555E-6 0.009240791297354108 6.099654237843786E-6 5.9519575301935934E-6 2.3908225389096273E-6 0.0032268500214175217 8.028736704576281E-6 7.647800338820888E-4 7.559207220982415E-7 9.682313868223876E-6 8.718948549174394E-5 0.004835017159283927 
English/CSTAUS_software6.en,0.977057160673329 2.202388661601854E-6 5.608683100413338E-6 3.097057762122338E-6 0.011672860918019104 3.751157159243728E-6 4.186122482189111E-6 0.00234017316193031 4.732353704344886E-6 0.005880373625402028 5.793840423565609E-6 5.65354867556749E-6 2.2709556527917268E-6 0.002260312567916908 8.810173403726403E-5 2.157074797205371E-6 7.180216887591819E-7 6.530011038449505E-4 2.3426031840715768E-6 5.5024082289104594E-6 
English/CSTAUS_software7.en,0.9708591070678637 2.768238271119528E-6 7.04969630467174E-6 3.892770596965934E-6 4.9137503735040055E-6 4.714924749771403E-6 5.261643716582424E-6 8.022762053250773E-6 5.94821561936012E-6 7.11428953494319E-6 0.01851805014235077 0.00273820296527982 2.8544218646226237E-6 3.1225089682868106E-4 0.0010211029335939854 2.7112821235413665E-6 9.024997054204632E-7 1.1559790806640782E-5 2.9444774672408547E-6 0.0064806272308959335 
English/CSTAUS_software8.en,0.33383158041228916 2.556214530186431E-6 6.509748931444274E-6 7.508295366888233E-4 0.008691143338119588 4.353801217128279E-6 4.858646114863782E-6 7.408286037622826E-6 5.492632391337133E-6 0.007478918590259679 0.010468013526352023 0.007572315382746276 2.635797186157443E-6 8.122012690137474E-6 8.851397905915872E-6 2.5036207438994368E-6 8.333758277071193E-7 6.645049627700325E-4 2.7189552879505804E-6 0.63048584976191 
English/CSTAUS_software9.en,0.029143353114620133 2.3663518304188153E-6 0.0017353614506639742 3.3276271495970297E-6 4.200383439486189E-6 0.0013010318326047352 0.00225263354731984 6.8580359818690094E-6 9.562190345549869E-4 0.02534084232373884 6.225179565484674E-6 0.0077880829018580795 2.440023488803787E-6 0.018684339050938272 0.03520016554517899 2.3176644448417496E-6 7.714768819414035E-7 0.053359872887870176 2.5170050269605214E-6 0.8242070745628425 
English/CSTAUS_undef10.en,0.004116205663428832 2.8849659989405657E-6 7.3469593835251035E-6 4.056916245645451E-6 5.120947464217926E-6 4.913738001733784E-6 5.483510353586948E-6 0.0027492025464379384 0.0020091216602775718 7.414276303112198E-6 0.9794367543426501 7.405729963441047E-6 2.9747836781183027E-6 0.0019066722214066633 9.989764826115208E-6 2.825608193325378E-6 9.405552229212319E-7 1.1746421049699519E-4 3.0686366366147647E-6 0.009600152963030753 
English/CSTAUS_undef11.en,0.0015569825666472525 2.831828930772901E-6 7.211638592316195E-6 7.283096153255816E-4 5.026626721932192E-6 4.823233770054085E-6 5.382511706267137E-6 8.20705714682375E-6 6.084855213914471E-6 7.27771562770838E-6 0.9883004791474985 7.269326699748098E-6 2.919992293004483E-6 1.1247308472014245E-4 6.30657843094676E-4 2.773564413523821E-6 9.232315015969002E-7 7.361527586955334E-4 3.012116610312385E-6 0.007871201284790491 
English/CSTAUS_undef12.en,5.3954667431289854E-5 3.148774070868598E-5 8.018782618257533E-5 4.427890202749369E-5 5.589218936906402E-5 5.363061754136039E-5 5.9849354290673536E-5 9.12561082388626E-5 6.765886920059866E-5 8.092255155197111E-5 0.9987737485742817 8.082927318138637E-5 3.2468048897428276E-5 1.0004787415125674E-4 1.0903252402315313E-4 3.083988447990062E-5 1.0265618032385769E-5 1.3148857140066626E-4 3.349239983361432E-5 7.866840517570469E-5 
English/CSTAUS_undef1.en,0.0017343477940731807 6.7354804222401115E-6 1.715281951638213E-5 9.471612475588046E-6 1.1955787832933336E-5 1.147201947019445E-5 1.2802257165352725E-5 0.0010039812468588016 1.4472775074834962E-5 1.730998316896275E-5 0.9694655243651279 0.001986211696155321 6.945176210646231E-6 2.140104315095059E-5 2.3322931859089843E-5 6.596898775948595E-6 2.195898077255694E-6 2.812646059973438E-5 7.164293096167369E-6 0.025612809460888713 
English/CSTAUS_undef2.en,0.026801510775295034 4.921148521462889E-6 1.2532375882682737E-5 6.920250495599753E-6 8.735265182078269E-6 8.381809182835498E-6 1.8917303922213894E-4 1.4262212912921207E-5 1.0574253237499801E-5 0.001451201745195386 0.8724962750546651 0.02159095073713553 5.074358694216766E-6 1.5636258330187087E-5 1.704044914978272E-5 0.0027021096603885887 1.6043904664154669E-6 7.398273248992578E-4 5.234452209394897E-6 0.07391803443893358 
English/CSTAUS_undef3.en,8.039247739323034E-6 4.691674703232289E-6 1.1947989507681521E-5 6.597558283118953E-6 8.327938590359709E-6 7.990964291957505E-6 8.917556331784774E-6 1.3597164004262604E-5 3.5294981158043407E-4 1.2057463618933535E-5 0.9278148746744596 0.05349955096760653 4.837740664999592E-6 1.4907137498694394E-5 1.876801693089423E-4 4.595144097621539E-6 1.5295775229216001E-6 1.9591802724496028E-5 4.990368998007004E-6 0.018012325048467025 
English/CSTAUS_undef4.en,5.648429470252612E-6 3.2964021657090377E-6 8.394737696084516E-6 4.635488772885656E-6 5.851265601649797E-6 5.614505195759758E-6 6.265534987895827E-6 0.004827589617275403 7.083100849492013E-6 8.471654942110032E-6 0.9030290988765944 0.06541330274139535 3.3990290917349177E-6 1.0473854954471606E-5 0.004347646986500075 3.228579113703054E-6 1.0746914434849702E-6 1.3765332214247378E-5 3.5062667838808733E-6 0.022291652904951446 
English/CSTAUS_undef5.en,5.60857157678724E-6 4.816769311309932E-4 8.335500599733677E-6 4.602778650781337E-6 5.809976403968142E-6 5.57488668744131E-6 6.2213225165590926E-6 9.486045216171377E-6 7.033119260706961E-6 8.411875082604606E-6 0.9290687706277636 0.03385547031296101 3.3750439928437018E-6 1.0399946658874457E-5 1.1333898331601847E-5 3.205796787565105E-6 1.0671079307070981E-6 1.3668197754518278E-5 3.4815249669441306E-6 0.03648646653572661 
English/CSTAUS_undef6.en,0.001875385267779742 3.6537625559217255E-6 9.304804668498558E-6 5.138018498759877E-6 0.004412279052715674 6.22316932918363E-6 6.944776753799742E-6 0.0034818203495321463 1.413598668985363E-4 9.390060453231427E-6 0.9718208412534317 0.008019912792961069 3.767515187030695E-6 1.16093174088096E-5 4.1317855263040617E-4 3.578586859695809E-6 1.1911979054686274E-6 1.4876651375871918E-4 3.886378433822088E-6 0.00962176876223773 
English/CSTAUS_undef7.en,0.006741671337422766 2.633957848794402E-6 6.707732895332571E-6 3.703941880439297E-6 0.0035657446330497862 4.486215359674558E-6 5.006414335586511E-6 7.633597620418612E-6 1.0190479682881402E-4 6.7691928670508525E-6 0.9785310083238588 0.0031828501687028135 2.7159608883857086E-6 8.369031167206098E-6 9.120599508285043E-6 2.5797645036926743E-6 8.587216669269954E-7 0.001647166000367713 2.801648115463987E-6 0.006166267961112237 
English/CSTAUS_undef8.en,6.260771307840303E-6 3.6537625559217255E-6 9.304804668498558E-6 5.138018498759877E-6 6.485596746191405E-6 0.005213069980929481 6.944776753799742E-6 1.0589141798614949E-5 7.850974293400467E-6 0.006017290227684343 0.9768941791724268 0.0034806104443864502 3.767515187030695E-6 0.002815296062116662 1.265187481499868E-5 3.578586859695809E-6 1.1911979054686274E-6 1.5257621153583343E-5 3.886378433822088E-6 0.00548299309147852 
English/CSTAUS_undef9.en,1.3906414451543333E-4 3.6353193524035194E-6 9.257836535355878E-6 1.3794705905836104E-4 0.014618300206561925 6.191756456368353E-6 6.909721402200266E-6 0.0057224396537349995 7.811344702124834E-6 0.004924236769717339 0.9538975252922275 9.33189280728382E-6 3.7484977910481004E-6 1.1550716719684054E-5 1.2588011578532558E-5 3.5605231227258245E-6 1.1851850611568337E-6 0.0010778604118956159 3.866761048371689E-6 0.019402988895711328 
English/D_CKTAUS_electronics1.en,0.11005648350152757 2.0754899565652088E-4 0.0016451133917885204 3.9397956227131335E-6 0.2549153825414385 4.771881473069436E-6 5.32520485512928E-6 8.119677754476995E-6 6.0200706094456695E-6 0.05303675528543944 0.0015429752737131652 7.191931192633851E-6 2.8889035424748627E-6 0.011065257048989474 9.701366592447502E-6 0.004507185004551937 0.5101288532422243 1.1699434139525132E-5 2.9800470250300985E-6 0.05283180740186369 
English/D_CKTAUS_finance1.en,1.0860346476947926E-6 6.338057301680462E-7 1.6140727337168307E-6 8.912745468217548E-7 1.1250343497645197E-6 0.3705967149048965 0.010492382216611007 0.005120049299625972 1.3618817365388327E-6 1.628861763947076E-6 1.6673575033138245E-6 4.6481363010665014E-4 6.535380111565049E-7 2.013828699710614E-6 2.1946775775340613E-6 6.207652585150275E-7 0.5401453137614873 0.0731629774090611 6.741568132186873E-7 1.5834888391909634E-6 
English/D_CKTAUS_hardware1.en,0.008510845644318329 1.791029985904578E-6 4.5611021294353765E-6 2.5185942048962486E-6 3.1791606791984473E-6 3.0505219497269205E-6 3.4042451366494483E-6 5.190668576855711E-6 3.84845215386445E-6 0.4905760957454564 0.007530821825203414 0.001182597437214434 1.8467901427767068E-6 5.690746258637686E-6 0.0014459793889738536 1.7541797735300345E-6 0.47722141180249034 7.479100401680615E-6 1.9050554613263015E-6 0.013486028509488837 
English/D_CKTAUS_industrial1.en,2.8482535993962257E-6 1.6622300735072085E-6 4.233095586088742E-6 2.33747232781538E-6 0.4979944099907611 2.8311470855519706E-6 3.1594326662662863E-6 4.299838975541391E-4 3.5716950341153574E-6 4.271881557304565E-6 4.3728411615358775E-6 4.2669574151049645E-6 1.713980301245311E-6 5.28150262488691E-6 5.7558000778279884E-6 1.6280299028198614E-6 0.5015148096017252 6.941249285770311E-6 1.7680555347689409E-6 4.152885725517759E-6 
English/D_CKTAUS_legal1.en,1.1477563587393182E-6 6.698262882771557E-7 1.7058039976196694E-6 9.419276177500521E-7 1.1889724986980936E-6 1.14086297324697E-6 0.4714244086969458 0.0015194239613798303 1.4392804375820143E-6 1.7214335206025517E-6 1.76211705656187E-6 2.6194976765709605E-5 6.906799977099133E-7 2.128278964589863E-6 2.31940587746812E-6 6.560446982583829E-7 0.5102415405669622 0.016695106872536922 7.124706111371083E-7 7.510006451112818E-5 
English/D_CKTAUS_pharma1.en,1.6881027791488315E-6 9.85170424173994E-7 2.5088708480150255E-6 0.01818049532457956 1.7487228575133887E-6 1.6779640915094454E-6 1.8725323705685151E-6 2.8551689272945593E-6 2.1168720069871334E-6 2.5318585152000317E-6 2.5916952476176695E-6 2.528940074884945E-6 1.0158417461675113E-6 3.1302406713515254E-6 3.4113472584274695E-6 9.649006689819305E-7 0.5236666825038826 4.113939226674757E-6 0.4581146186717508 2.46133207247421E-6 
English/D_CKTAUS_software1.en,0.04656215238564916 0.020835313237321518 3.0440641865012463E-6 0.06674074204677055 2.121761120897981E-6 2.035908066467522E-6 4.594937776670313E-5 3.464234711350314E-6 0.01869649394809767 0.02267164049911844 0.0010077246655856723 0.012844222849650085 0.15492495628696487 0.003629021855993206 0.004153491680801987 1.17073366781828E-6 0.5189315320230531 4.866892243495483E-5 0.018083713387169204 0.11081254013186981 
English/D_CKTAUS_undef1.en,2.25700191177965E-6 1.3171778153878839E-6 3.883929709547805E-4 1.8522506260431594E-6 2.3380512616480414E-6 1.9476274543741908E-4 0.001109489554465456 0.00558687704628475 0.005056461867330911 3.38510757742094E-6 3.465109589815796E-6 0.0014472759481233338 1.3581855272590069E-6 0.014443132572684817 0.46176209964484716 1.2900770506803819E-6 0.502187020872498 0.007802531967033754 1.4010356110677786E-6 3.2908133685437665E-6 
English/D_CSTAUS_business1.en,4.031074038992762E-6 2.3525196273142E-6 5.991012080270661E-6 3.3081759361308093E-6 4.175830642177957E-6 4.0068635459840404E-6 6.921621224998218E-4 6.817948220877365E-6 5.054945644683405E-6 6.045905058086388E-6 6.188791084699362E-6 0.526261303647888 2.4257606475629764E-6 0.004649386642369003 0.0018133340024661484 2.3041168375429135E-6 0.46393406713881663 0.002502702387261597 2.502292200110047E-6 9.183882313449997E-5 
English/D_CSTAUS_electronics1.en,2.714225023235931E-6 1.5840115012388473E-6 4.0339013239366036E-6 2.2274792822601677E-6 2.811693338340871E-6 2.6979234804427425E-6 3.0107611217718778E-6 4.590698530770763E-6 3.403623904493067E-6 4.07086216676563E-6 4.167070974927486E-6 4.066169736997804E-6 1.6333265492790537E-6 5.032974096054186E-6 5.48495281575198E-6 0.5141492137773368 0.48578699960672395 6.614619045140519E-6 1.6848571966899008E-6 3.957465851084686E-6 
English/D_CSTAUS_hardware1.en,0.0029209369325323446 1.6637458642703106E-6 4.236955753998701E-6 2.3396038732734845E-6 2.9532255034779814E-6 2.8337288139598847E-6 3.1623137589191615E-6 4.821780453429914E-6 3.5749520696049795E-6 0.5428898738757056 0.0021929413899675104 0.0017064877293979765 1.715543283139439E-6 5.286318837168048E-6 5.761048802857867E-6 1.6295145063823163E-6 0.45017611396124063 6.94757902418586E-6 1.7696678279712891E-6 6.495013278334256E-5 
English/D_CSTAUS_industrial1.en,0.028002587108089977 3.719308577487427E-6 0.3430310454815391 5.230191065031012E-6 0.02582835274167294 6.334808765193664E-6 7.069361337473847E-6 1.0779103818880711E-5 7.991815446176793E-6 9.558511767609595E-6 0.00476642271790341 9.547493795662368E-6 3.835101853629484E-6 1.1817580687442096E-5 1.2878840866234392E-5 3.642784280269896E-6 0.4453584618520899 1.5531332526412768E-5 3.956097426432301E-6 0.15290123776649073 
English/D_CSTAUS_leisure1.en,4.324766561991682E-6 2.5239174776307938E-6 3.753244081959118E-4 3.549200171311898E-6 4.480069717187328E-6 4.298792161720033E-6 4.797258485982119E-6 9.953891145291525E-5 0.45909762538195725 0.0010209528897179435 0.002496693818466296 6.478915625420509E-6 2.60249462909815E-6 8.01939334124746E-6 0.005081072049542349 2.471988199060093E-6 0.5299212313516117 0.0018550240805923072 2.6846020516340016E-6 6.305710041163117E-6 
English/D_CSTAUS_software1.en,0.4367735165341737 1.2713467334739378E-6 3.2376578499158817E-6 1.787801734499732E-6 2.256698981310674E-6 2.165385921340177E-6 6.527885996370194E-4 3.684550002884714E-6 0.0020003033208377294 0.062020895095459515 3.3445414177767907E-6 2.3553931631454253E-4 1.3109275857518362E-6 4.03952570525724E-6 4.402289276379113E-6 1.2451889374019001E-6 0.4960485263592011 0.002235156263708159 1.3522867048039012E-6 3.1763098176220376E-6 
English/D_CSTAUS_undef1.en,8.44612319985512E-6 4.929125689623351E-6 1.2552690829372575E-5 6.931468202538522E-6 8.749425022810522E-6 8.395396072369269E-6 9.368883987924562E-6 1.4285331920659035E-5 1.0591394072790376E-5 1.2667705549755729E-5 0.5682625543651441 1.2653103650655086E-5 5.082584215644078E-6 1.5661604661751016E-5 1.7068071670786666E-5 4.82770956040556E-6 0.4187592267754156 2.0583366116328304E-5 5.242937241968114E-6 0.012800181937775122 
