English/CKTAUS_electronics1.en,0.0745813564683 0.0254138557323 0.24374835589 0.00259008180538 0.0240695510413 0.01024765469 0.580668707412 -0.0302771960951 0.270187075355 0.722906299535
Dutch/CKTAUS_electronics1.nl,0.052458702074 0.000695349028139 0.185232480569 0.0351955407177 0.0966442651966 0.0266759957431 0.330533598863 0.646700093182 0.0359284384745 0.650293593071
English/CKTAUS_finance10.en,0.00986043351548 0.0147884065997 0.0117186418331 0.995772819985 -0.0468800611259 -0.00762385793818 -0.0175089829934 -0.0735788996285 0.00126803724068 -0.00231280743374
Dutch/CKTAUS_finance10.nl,0.0470090429442 0.0048373520732 0.121334807255 0.175763483485 0.962879781369 -0.117473689788 -0.0656660650377 -0.0405073016956 -0.0719107106654 0.00949985631422
English/CKTAUS_finance11.en,0.00996398023853 0.0151417207031 0.0117689535246 0.996280912584 -0.0457249320298 -0.00751068456498 -0.0166020691711 -0.0672925979227 0.000666924292533 -0.00239485474142
Dutch/CKTAUS_finance11.nl,0.0488994790634 0.00613753302849 0.122784871425 0.175673455651 0.963072863568 -0.116612953605 -0.0639272486056 -0.0390208774442 -0.0695195537301 0.00914724731318
English/CKTAUS_finance12.en,0.00987292006009 0.0142403501902 0.0117274189052 0.995567244874 -0.0469347397364 -0.00770193097595 -0.0181067589851 -0.0762364449895 0.00112296455966 -0.00218302655959
Dutch/CKTAUS_finance12.nl,0.0472437242893 0.00546369947379 0.120804230116 0.174886661888 0.962814184061 -0.117576513073 -0.065956900008 -0.0412136276729 -0.0746478898059 0.0101291317774
English/CKTAUS_finance13.en,0.0103173846762 0.0172914749139 0.0116602715564 0.995336349351 -0.0470985892257 -0.00741684513137 -0.0179967506428 -0.0784480005591 0.00230727057624 -0.00275030437155
Dutch/CKTAUS_finance13.nl,0.0471332014885 0.00523181439977 0.120868367454 0.174498018814 0.962310847495 -0.118194015819 -0.0672586711047 -0.0427232180908 -0.078839197064 0.0107589420919
English/CKTAUS_finance14.en,0.00994007846945 0.0138430022422 0.0120987278612 0.996109593215 -0.0437155357449 -0.0074988091549 -0.0172899937314 -0.0711329732739 0.00086787663808 -0.00140997633412
Dutch/CKTAUS_finance14.nl,0.0495202220234 0.00646277532548 0.12380510896 0.175837018022 0.96333988849 -0.116101065992 -0.0628270872407 -0.0378841843921 -0.0656364949803 0.00811271612181
English/CKTAUS_finance15.en,0.00981533741472 0.0138411189797 0.0118298940341 0.995673450974 -0.0452006837604 -0.00767698893515 -0.0180399999596 -0.0759848931527 0.0012826031566 -0.00192004736673
Dutch/CKTAUS_finance15.nl,0.0461587712925 0.00549010515949 0.119060160981 0.174455678335 0.962468555254 -0.118665987854 -0.0681704141043 -0.0433154780293 -0.0785098032861 0.0107032335073
English/CKTAUS_finance16.en,0.00995927433862 0.015046792788 0.0115791670877 0.995803132999 -0.0471738232102 -0.00764278816648 -0.0175333446077 -0.0729346758037 0.000786161019261 -0.00227268916541
Dutch/CKTAUS_finance16.nl,0.046812286347 0.00442572356923 0.120445248839 0.174773962052 0.96299374918 -0.117743184665 -0.0661784546567 -0.040978616883 -0.0732052384003 0.00988770511938
English/CKTAUS_finance17.en,0.0118770585441 0.0152363522718 0.0111178532951 0.995822062741 -0.0470619589478 -0.00761528643933 -0.017455861501 -0.072514904652 0.000935374268222 -0.00218809438963
Dutch/CKTAUS_finance17.nl,0.0491413064094 0.00600366456046 0.123860657738 0.175945034434 0.963289831738 -0.116131578405 -0.0628685883691 -0.0379779250817 -0.0661238858204 0.00836519174744
English/CKTAUS_finance18.en,0.00985982118642 0.0154169758699 0.0116374743462 0.99546826211 -0.0470791016476 -0.0076455402351 -0.0167884011566 -0.0775259230346 0.000384507245633 -0.00233366758924
Dutch/CKTAUS_finance18.nl,0.0466281039615 0.00464009431849 0.120709621492 0.174974755467 0.962583942052 -0.117635956907 -0.0660508374566 -0.0411865386951 -0.0777306115539 0.0104955109318
English/CKTAUS_finance19.en,0.0109240729318 0.0138966641577 0.0114192096115 0.99600008443 -0.0471860472179 -0.00755646673615 -0.0171678406114 -0.0704088243988 0.000804790117611 -0.00213836135155
Dutch/CKTAUS_finance19.nl,0.0486552819065 0.00530270903818 0.123655780587 0.175620701568 0.962989461435 -0.116206663158 -0.0633453488085 -0.0390874083119 -0.0706597772865 0.00923080168321
English/CKTAUS_finance1.en,0.00981208278401 0.014690174537 0.0117213844106 0.995291279727 -0.0470119454808 -0.00777381506958 -0.0181754460786 -0.0796127035378 0.00139806382156 -0.00218179868957
Dutch/CKTAUS_finance1.nl,0.0480196570046 0.00717529825264 0.119995415142 0.174735049152 0.962190383998 -0.11791842064 -0.066832684681 -0.0428835538547 -0.0809651550227 0.0116335004905
English/CKTAUS_finance20.en,0.00979604823829 0.0155758856861 0.011457077261 0.994793743809 -0.046609185945 -0.00794891987084 -0.0195642480534 -0.0853818240361 0.00170240079857 -0.00206312760767
Dutch/CKTAUS_finance20.nl,0.0486388615868 0.00521310303731 0.123726640528 0.1753778319 0.962433288604 -0.116167083885 -0.0633856438609 -0.0399123205308 -0.0777062804252 0.0109450269516
English/CKTAUS_finance21.en,0.0099823135564 0.0137183533918 0.0117773411196 0.995632838373 -0.0466289446865 -0.00762752079689 -0.0173705038515 -0.0757600993361 0.00252044348571 -0.00293058673013
Dutch/CKTAUS_finance21.nl,0.046570246068 0.00464460678429 0.120622307699 0.174944185781 0.963043814649 -0.117687112634 -0.0660482842428 -0.0407866036741 -0.0723351280777 0.00961724994542
English/CKTAUS_finance2.en,0.00970006206929 0.0147291055648 0.0115152806348 0.994707871603 -0.0468952458415 -0.00796148307345 -0.0197232503918 -0.0863407342739 0.00177264890682 -0.0017860982123
Dutch/CKTAUS_finance2.nl,0.0482432898584 0.00576885587086 0.119882583704 0.174578345382 0.962202623432 -0.117948254888 -0.0669107427594 -0.0429350096692 -0.0811468824432 0.0117861902665
English/CKTAUS_finance3.en,0.0110845772624 0.0134106087268 0.0113632659352 0.995858898445 -0.0465327326076 -0.00764357136863 -0.017532865225 -0.0727714406261 0.000974768516864 -0.00233769135484
Dutch/CKTAUS_finance3.nl,0.0495049263927 0.00677940645244 0.123355241707 0.175489893744 0.962946135018 -0.116273158393 -0.0634828311762 -0.0391133177523 -0.0711001170895 0.00949889514372
English/CKTAUS_finance4.en,0.00974697430808 0.0135384801625 0.0117375704667 0.995089002115 -0.0473202639242 -0.00781520530353 -0.0189111959852 -0.0819725768127 0.0016879865097 -0.00124199922949
Dutch/CKTAUS_finance4.nl,0.0473751188075 0.0053360908572 0.121193953112 0.174840262359 0.962434265869 -0.117390787012 -0.0657723977852 -0.0418825710895 -0.0787742964371 0.0111432398914
English/CKTAUS_finance5.en,0.0108519049735 0.0139951210613 0.0115854344913 0.996094057806 -0.046826240514 -0.00752207100276 -0.0166560195099 -0.0694163896426 0.00132301055133 -0.00130061876798
Dutch/CKTAUS_finance5.nl,0.0475924685432 0.00494242640564 0.122174028823 0.175733834411 0.963423318285 -0.116946861093 -0.0643976752724 -0.0385995977118 -0.0658490703668 0.00821628600857
English/CKTAUS_finance6.en,0.0101936674849 0.013914791135 0.0132662725288 0.99599606068 -0.0465404818971 -0.007563321578 -0.0173145851566 -0.0706310128327 0.000775084341096 -0.00244233029134
Dutch/CKTAUS_finance6.nl,0.0488920511266 0.00676037421364 0.122209061329 0.175122998981 0.962724252891 -0.116828975267 -0.064652927528 -0.0404648337556 -0.0745159040166 0.010184542609
English/CKTAUS_finance7.en,0.00972457409694 0.013580986054 0.011742436859 0.995467785528 -0.0472346163871 -0.00768515112045 -0.0173607052653 -0.0775538316797 0.00331490851013 -0.00313728905171
Dutch/CKTAUS_finance7.nl,0.0475348597659 0.0046923695343 0.122387717808 0.17533461487 0.963174174942 -0.116833048402 -0.0642217553952 -0.0386228985715 -0.0703691393818 0.00866069979595
English/CKTAUS_finance8.en,0.00983920758099 0.0151494556432 0.0116527986227 0.995349018069 -0.0470663074359 -0.00774911384931 -0.0171887099788 -0.0790129899147 0.00107342195185 -0.00181269948936
Dutch/CKTAUS_finance8.nl,0.0474540900487 0.00578583299915 0.122181185319 0.174729729224 0.962572629864 -0.117818787039 -0.0648985953899 -0.0422578000564 -0.0756654686476 0.0102842751775
English/CKTAUS_finance9.en,0.0104738986403 0.0136258501528 0.01159391322 0.99580238832 -0.0466119776218 -0.00756184010551 -0.0176961882028 -0.0734785336175 0.000899560319852 -0.00221385966969
Dutch/CKTAUS_finance9.nl,0.0488328494638 0.00622261067427 0.121660441255 0.175437001997 0.96326604755 -0.117122079133 -0.0648325289348 -0.0392716455683 -0.0676784873651 0.00850122960555
English/CKTAUS_hardware1.en,0.267718922908 0.0875196713408 0.957995877014 -0.0174438552375 -0.0216068082881 -0.00510281582694 -0.0313008900296 -0.00226780554998 0.00339449625499 -0.0334244345775
Dutch/CKTAUS_hardware1.nl,0.124486247559 -0.0163995883204 0.983962028374 -0.0633179210544 -0.096599521437 -0.0145942466229 -0.0230556767744 -0.0404990375491 -0.011374408409 -0.0140791422063
English/CKTAUS_industrial1.en,0.00905335734218 0.00476045895163 0.0287261522426 0.00154977025439 0.00606550643109 0.00246973209009 0.192786945071 -0.000877095471137 0.319761041753 0.927151655279
Dutch/CKTAUS_industrial1.nl,0.00767989008332 0.00118539518402 0.0281723601602 0.00509833527928 0.0146025101501 0.00616885527689 0.0842713690748 0.428144444007 0.100746892633 0.89348160932
English/CKTAUS_industrial2.en,0.00913658409397 0.00484231863122 0.0289007619479 0.00147979152252 0.00595476799176 0.00251417011724 0.196325793838 -0.00265648130109 0.318978318715 0.926669201288
Dutch/CKTAUS_industrial2.nl,0.00897956246097 0.00114950169591 0.0309759341912 0.00633286273902 0.0181582192375 0.00683906788323 0.0890431009477 0.428407697935 0.103089471859 0.892441970099
English/CKTAUS_industrial3.en,0.0098530229938 0.00488198646699 0.0291636317346 0.00182964988692 0.00601231693299 0.00257495695099 0.198938532214 -0.00271212987673 0.318941758087 0.926107283447
Dutch/CKTAUS_industrial3.nl,0.00864556232935 0.0011405639191 0.0302199752366 0.00606908762547 0.0173837420991 0.00671822292756 0.0883315414514 0.432228705509 0.101104126933 0.890943535846
English/CKTAUS_industrial4.en,0.0102264695626 0.00468301834997 0.0285454660661 0.00209975046157 0.00584569137258 0.00246163579342 0.193031656053 -0.00135732209484 0.319666436995 0.927126911924
Dutch/CKTAUS_industrial4.nl,0.00962449527741 0.00119420900627 0.0320291878263 0.00692766603416 0.0200297458232 0.00722825912916 0.0898136367335 0.42904654212 0.104408973285 0.891812752055
English/CKTAUS_industrial5.en,0.0105177718265 0.00526221472685 0.0335735001736 0.00159958517195 0.00836599570848 0.00251487400437 0.195631832237 -0.0012101403809 0.319331823748 0.926503934491
Dutch/CKTAUS_industrial5.nl,0.0142489832337 -0.000632111543346 0.0350206490999 0.00833349365166 0.0246143487763 0.00792027952051 0.0928421599201 0.431130274936 0.107416592354 0.889831878503
English/CKTAUS_legal10.en,0.00842502804403 0.0103904485013 0.0105453049924 0.153720396221 0.00708107096181 0.0190116234094 0.151601339764 0.973087893954 -0.0744849995908 -0.0154038851255
Dutch/CKTAUS_legal10.nl,0.0347874102607 0.00368539199382 0.0724695062195 0.0525459602735 0.192268208104 0.0135221105644 0.0826616770887 0.224196251888 0.920530736586 -0.221674730541
English/CKTAUS_legal11.en,0.0103613229811 0.0113461408797 0.0130734557009 0.249175151266 0.0143996177181 0.0167956540915 0.143013849407 0.953738390797 -0.0815849791104 -0.0170089922026
Dutch/CKTAUS_legal11.nl,0.0395573065105 0.0035375053626 0.0827750304297 0.0593618686586 0.215151530498 0.0138818636628 0.0874946041698 0.226467301949 0.913352982382 -0.220017876986
English/CKTAUS_legal12.en,0.00962337721833 0.0117307566696 0.0123589079491 0.239000245946 0.00551870665039 0.0183549734011 0.145134351054 0.956372084215 -0.078404491324 -0.0164240992854
Dutch/CKTAUS_legal12.nl,0.0446818766359 0.00394190152158 0.0919769325472 0.0639347466384 0.227158979315 0.016092165721 0.0927452755729 0.228042937764 0.908531078085 -0.218051453176
English/CKTAUS_legal13.en,0.00744226736241 0.0116939816351 0.00989052905151 0.125185567209 0.0038945658566 0.0421027997323 0.149013615317 0.977181810769 -0.0713699543302 -0.00823298435294
Dutch/CKTAUS_legal13.nl,0.037535748336 0.0039256630495 0.0740310445946 0.0475389921695 0.164507353411 0.043943848281 0.0843380111116 0.219961297155 0.92549040676 -0.223188281342
English/CKTAUS_legal14.en,0.00672791206237 0.010922164416 0.00708582874695 0.136463634915 0.00850811675314 0.0235680268546 0.147377498863 0.976410623539 -0.0729656006561 -0.0106422342745
Dutch/CKTAUS_legal14.nl,0.0242187211623 0.00268814975178 0.0491820009913 0.0366035325706 0.130675102243 0.0150298443716 0.0710044456934 0.212196695685 0.936108158789 -0.227987076587
English/CKTAUS_legal15.en,0.0108261434199 0.0157167734856 0.0104800918945 0.325362552979 0.000901387654425 0.0207688708986 0.152592354887 0.93082426305 -0.0589966184487 0.00584461321364
Dutch/CKTAUS_legal15.nl,0.0664150483384 0.00586082296108 0.136107229567 0.0978961618112 0.38092118856 0.00950341679752 0.106924587582 0.238282375179 0.84985422097 -0.178300404358
English/CKTAUS_legal16.en,0.00549020873571 0.00940125025166 0.00496808926476 0.108779638211 0.00282006325797 0.0238351681489 0.147840531569 0.979795882718 -0.0743726606875 -0.00772187030405
Dutch/CKTAUS_legal16.nl,0.0241067536718 0.00270844872463 0.0492322448606 0.0347041112239 0.131508733758 0.0179075620482 0.0707857253168 0.215191849412 0.936153988583 -0.224645655038
English/CKTAUS_legal17.en,0.00575437140908 0.00988056147113 0.00524933908184 0.108857778655 0.0061160214459 0.0238598994419 0.1486398337 0.979770575534 -0.0726983179014 -0.00746748885783
Dutch/CKTAUS_legal17.nl,0.027902275439 0.00304761494437 0.0560803436023 0.0381823235073 0.139005259229 0.0169125897566 0.0750647524391 0.216388344359 0.93376666324 -0.224993263241
English/CKTAUS_legal18.en,0.0084449313186 0.0117678744768 0.00969984792522 0.209856001005 0.00469480822932 0.0205080413784 0.146490822537 0.963318299548 -0.074898823132 -0.0127440195358
Dutch/CKTAUS_legal18.nl,0.0366573803256 0.00343103175937 0.0751293245142 0.0525920446266 0.189529392761 0.0166670957637 0.0838543213777 0.22266389688 0.921152647116 -0.221137933539
English/CKTAUS_legal19.en,0.0064131988013 0.0125647883048 0.00575476303975 0.136536956737 0.00408109703427 0.0235439638928 0.147822547175 0.976406186027 -0.0721000995369 -0.0116445530434
Dutch/CKTAUS_legal19.nl,0.0286715277574 0.0029034163393 0.0576405870448 0.0388842558457 0.138697451279 0.0176005797891 0.0761084005276 0.216027445305 0.933359335062 -0.226204185502
English/CKTAUS_legal1.en,0.0166925603535 0.0141628900305 0.0130256479629 0.412108526934 -0.00122130811103 0.0157209504169 0.171553980739 0.891814657204 -0.0404625241894 0.0535505242478
Dutch/CKTAUS_legal1.nl,0.0407031864037 0.00505817308655 0.0950939781079 0.100014537276 0.463019447129 -0.0243285149945 0.0685134943969 0.237708001255 0.826816863097 -0.139526664925
English/CKTAUS_legal20.en,0.00584476022697 0.00994251745638 0.00547810700332 0.12808585337 0.00299416613221 0.0235633124251 0.147611633414 0.977531602715 -0.0735439918942 -0.0100422877282
Dutch/CKTAUS_legal20.nl,0.0301698303533 0.00298572071722 0.0605890282472 0.0401683868312 0.146012721645 0.0177190938212 0.077099122536 0.216259049646 0.931878387723 -0.225949275816
English/CKTAUS_legal21.en,0.00754511489953 0.0168545088931 0.00695845479383 0.249027852494 0.00323547457746 0.0219568686682 0.14149783674 0.95464294566 -0.075133040849 -0.00966269393233
Dutch/CKTAUS_legal21.nl,0.0352744391951 0.00728915925729 0.0678002920648 0.0526111515545 0.222794910052 0.00721850134194 0.0696493040328 0.210461687703 0.917963432422 -0.223262356236
English/CKTAUS_legal2.en,0.00764152967167 0.011016614437 0.00873254719998 0.152897741674 0.00542678944927 0.0243256934086 0.155371386469 0.972670483509 -0.0739230917133 -0.00723286426241
Dutch/CKTAUS_legal2.nl,0.0365626335514 0.00365318661479 0.0743353279874 0.0508144987524 0.183220848814 0.0178551488116 0.0848275343595 0.225902492229 0.922493694822 -0.217786648897
English/CKTAUS_legal3.en,0.0119847348037 0.0200860970651 0.00876149895674 0.161846673443 0.0121825316097 0.0235919492217 0.218168241547 0.961157230908 0.0250162601715 -0.0207459322137
Dutch/CKTAUS_legal3.nl,0.0447353737918 0.0145656892543 0.0753075158377 0.0519715050011 0.179744020478 0.0184804281658 0.0911616991606 0.229190374078 0.922172563055 -0.213363468326
English/CKTAUS_legal4.en,0.0328680448753 0.0571395438183 0.0133357042829 0.0767466875496 0.0460042367747 0.0221950210094 0.529630387094 0.649898211559 0.53124916198 -0.0433146155102
Dutch/CKTAUS_legal4.nl,0.0690034663853 0.0651288139873 0.0724435577963 0.0328382085557 0.111106217135 0.0212072424499 0.112571814638 0.265041456901 0.926148036263 -0.176653421108
English/CKTAUS_legal5.en,0.00966002808536 0.0168191347069 0.00610567811659 0.092415249525 0.00986688520811 0.0247127710361 0.213516032693 0.971688559108 0.0162342149238 -0.0175089858624
Dutch/CKTAUS_legal5.nl,0.0314293594391 0.0102138775256 0.0531455788599 0.0341183706953 0.121868504464 0.0190549294222 0.0797320449927 0.221433523113 0.935642476104 -0.221105147695
English/CKTAUS_legal6.en,0.00563431400533 0.00963969211003 0.00533054087454 0.111935147456 0.00331258669304 0.0236903381844 0.147830317823 0.979387557319 -0.0748027271713 -0.00979771886131
Dutch/CKTAUS_legal6.nl,0.0277415016008 0.00278100554583 0.0556107579617 0.0358813504564 0.128531172403 0.018671171926 0.0759342497736 0.215898061301 0.934938851481 -0.226903356683
English/CKTAUS_legal7.en,0.015138225764 0.0101926330244 0.00993176058958 0.13524736256 0.00392860734669 0.0230576538562 0.148304302211 0.976398450574 -0.0726143164145 -0.0104128172376
Dutch/CKTAUS_legal7.nl,0.0344151116535 0.00344069624379 0.0687510126523 0.0454020285615 0.160679230391 0.0187267236358 0.0822703317386 0.219156307787 0.927816793004 -0.224065424367
English/CKTAUS_legal8.en,0.00931550347251 0.0119567748395 0.0115128003948 0.223822672923 0.00655731581976 0.0189074753392 0.145517071949 0.960087307075 -0.0771344658921 -0.0157496401501
Dutch/CKTAUS_legal8.nl,0.0359055710594 0.00344775018971 0.0750247683099 0.0575157805779 0.207421951728 0.0121126511107 0.0813293285087 0.22261722349 0.91722051173 -0.221642019316
English/CKTAUS_legal9.en,0.00510585595751 0.00898405035192 0.00457350157588 0.0852359244293 0.00348461423429 0.0240821291909 0.148286546494 0.982057582767 -0.0742294571705 -0.00889032102837
Dutch/CKTAUS_legal9.nl,0.0198181248724 0.00251038178793 0.0401974363756 0.0284587628473 0.105701465529 0.0156124449408 0.0668399826518 0.211407081319 0.940338519181 -0.228826547009
English/CKTAUS_pharma10.en,0.00267634469761 0.00673424885208 0.00283075430951 0.00535474368685 0.00555587391179 0.999266818715 -0.0265480625961 -0.0220791884448 -0.0123665477339 0.000732262332185
Dutch/CKTAUS_pharma10.nl,0.0127969571079 0.00370728801333 0.0284057441739 0.0296084977829 0.115080559098 0.99031050435 -0.0563366681005 -0.0257652268635 -0.0160536519337 -0.0092264578218
English/CKTAUS_pharma11.en,0.00406362171964 0.00757788551211 0.00447659156923 0.00715922633788 0.00760495294697 0.998307484552 0.000504922103441 -0.0188359277291 0.0114210396991 0.0519000187439
Dutch/CKTAUS_pharma11.nl,0.0146717778921 0.00600115260144 0.0290050717831 0.0300707815654 0.116119073655 0.990270087141 -0.055042523985 -0.0227200588077 -0.0176325118636 -0.00528282698103
English/CKTAUS_pharma12.en,0.00318320964698 0.00675800282983 0.00368896111394 0.00601772405066 0.00596351890962 0.999719087753 -0.015864846096 -0.0128491984151 -0.00191691387292 -0.00029557033496
Dutch/CKTAUS_pharma12.nl,0.0124408034424 0.00695301458771 0.0231280859503 0.0275774496004 0.106860940442 0.991197620078 -0.0570185379467 -0.019814179866 -0.0301249763912 0.00763188542457
English/CKTAUS_pharma13.en,0.00317715865646 0.00683386545628 0.00365642461695 0.00625384060718 0.00591849084512 0.999710823298 -0.0163211658306 -0.0126774970248 -0.00222924086762 -0.00137707300146
Dutch/CKTAUS_pharma13.nl,0.0114729179758 0.00366640421173 0.0257766522683 0.0284481089776 0.111143379312 0.990720625167 -0.0577379837719 -0.0265602420905 -0.0202382132305 -0.00723080393402
English/CKTAUS_pharma14.en,0.0029488345277 0.0068017440781 0.00333553497841 0.00568770603629 0.0057439454653 0.999519268761 -0.021484849473 -0.0177187599436 -0.00734305493673 0.000574158723832
Dutch/CKTAUS_pharma14.nl,0.0138602658457 0.00302805722129 0.0294578119565 0.0300507465485 0.116469693677 0.990158990749 -0.054716385896 -0.0266692400868 -0.0144172819049 -0.0116149933323
English/CKTAUS_pharma15.en,0.00237174533443 0.00681664598163 0.0022595619075 0.00495249990089 0.00618709331392 0.998765930508 -0.0337151616785 -0.0287233264906 -0.0194358751535 0.00266765167778
Dutch/CKTAUS_pharma15.nl,0.010197134296 0.00314358798016 0.0239653945376 0.027525831624 0.108775228977 0.990772242037 -0.0601085328009 -0.0308288065945 -0.0194558045267 -0.0122661882553
English/CKTAUS_pharma16.en,0.00440567196884 0.0159799287932 0.00109875679007 0.00496939891581 0.00538170615937 0.998891996342 -0.0302930775934 -0.0264013198404 -0.0155781859279 0.00526939313305
Dutch/CKTAUS_pharma16.nl,0.0145699644715 0.00480406886136 0.0283129493705 0.0299136039639 0.113951856168 0.990605567828 -0.0528286027653 -0.0149376666982 -0.0260589175844 0.00952425200425
English/CKTAUS_pharma17.en,0.00373880996426 0.00751291480673 0.00443717550132 0.00755910510565 0.00709278580724 0.999188423212 -0.00274265282974 -0.014646820237 0.00945277005165 0.0333695935507
Dutch/CKTAUS_pharma17.nl,0.0101651121287 0.00324792434713 0.0237605293175 0.0274412782643 0.108468341107 0.99081129076 -0.0601201402496 -0.0307641204332 -0.0198204711969 -0.0119342619439
English/CKTAUS_pharma18.en,0.00382711421665 0.00980417160159 0.0029674750711 0.00608335475287 0.00600589164564 0.999505908672 -0.0179799453901 -0.0146375324635 -0.00372632989929 0.0156161701328
Dutch/CKTAUS_pharma18.nl,0.0149911072681 0.0044233791091 0.0320040162578 0.0313579805613 0.119469944186 0.990219762407 -0.0482805587928 -0.0188157693171 -0.0153941268366 -0.00422496390939
English/CKTAUS_pharma19.en,0.00560378973437 0.0463809546616 -0.00166390597748 0.00588530345807 0.00539877764567 0.998175596499 -0.0263542102624 -0.0227490476759 -0.0114513126259 0.00728936410179
Dutch/CKTAUS_pharma19.nl,0.0205268832946 0.0109336620338 0.0337349602843 0.0324631012411 0.121660600584 0.989681922265 -0.0481548372197 -0.00970658034014 -0.0212993386577 0.0113500986315
English/CKTAUS_pharma1.en,0.00383500699184 0.00754936902554 0.00473983755643 0.00713351308078 0.00764522742738 0.998100745708 -3.36806331159e-05 -0.0205746547695 0.0106984666075 0.0552596041754
Dutch/CKTAUS_pharma1.nl,0.0105217060149 0.00532352739692 0.0215171163593 0.0269343160095 0.104156639229 0.991377004127 -0.0571218537873 -0.0172801226143 -0.0351025447392 0.014207139432
English/CKTAUS_pharma20.en,0.00373082736167 0.00664735786984 0.00176648494894 0.00483121158929 0.00520619245562 0.998682544634 -0.0349113555161 -0.0295504977385 -0.0205920278758 0.00233169820628
Dutch/CKTAUS_pharma20.nl,0.0138069180559 0.00534084036182 0.028040348302 0.0298034563974 0.113436463743 0.990652280873 -0.052839437214 -0.0143845863692 -0.0270047583064 0.0108804854842
English/CKTAUS_pharma21.en,0.00230771452326 0.00675950719343 0.00219406120971 0.00486922012485 0.00526747669861 0.998730334842 -0.0343648373476 -0.0290551718255 -0.020018148458 0.00213563533797
Dutch/CKTAUS_pharma21.nl,0.0127499813067 0.00517767267986 0.0261776507916 0.028958043528 0.110905630693 0.990933016671 -0.0542485832153 -0.0160747548978 -0.0272837415951 0.0096322617427
English/CKTAUS_pharma2.en,0.00291568344068 0.00720961537628 0.00315613147436 0.00606345593059 0.00661269204167 0.999201711771 -0.0215459840381 -0.0209398523311 -0.00963408162623 0.0212010069814
Dutch/CKTAUS_pharma2.nl,0.0131506351119 0.0052313886169 0.0263889857866 0.0290863416767 0.111134367565 0.990860625771 -0.0538347660849 -0.0150997168298 -0.0289751920662 0.01165877036
English/CKTAUS_pharma3.en,0.00227141950139 0.00689725954949 0.00210029312108 0.00481017281703 0.00523376058298 0.998651044147 -0.035314714753 -0.0299307725134 -0.0209796585927 0.00230064099586
Dutch/CKTAUS_pharma3.nl,0.0175833357822 0.00462527084467 0.036666992929 0.0334770962119 0.126681816561 0.98909496844 -0.0493342253204 -0.0171006795782 -0.00946144914268 -0.00559388418197
English/CKTAUS_pharma4.en,0.00234887780535 0.00771586914583 0.00203999410391 0.00482042678196 0.00523910167757 0.998676754852 -0.0349489570402 -0.0295672560992 -0.0206032509188 0.00216679434717
Dutch/CKTAUS_pharma4.nl,0.0138806650478 0.00462392073599 0.0292481785877 0.03020842519 0.115833127322 0.990410872257 -0.0537313638154 -0.0195553234746 -0.0204292149584 0.000330703288957
English/CKTAUS_pharma5.en,0.0031886271464 0.00909953937919 0.00302617393773 0.00572732533668 0.00587841081997 0.999526137142 -0.0200078272766 -0.01774055162 -0.00552057349933 0.00570082942908
Dutch/CKTAUS_pharma5.nl,0.0119625206714 0.00344752414982 0.0270585670333 0.0289554100817 0.113011531656 0.990480908335 -0.0573327642632 -0.0274574137486 -0.0173255494555 -0.0104529756043
English/CKTAUS_pharma6.en,0.00375882154411 0.00706260540564 0.00459535187041 0.0069017081546 0.00684771769274 0.999654146674 -0.00251584325944 -0.00858528343703 0.0101205311588 0.0181514220213
Dutch/CKTAUS_pharma6.nl,0.0111746277456 0.00295943005157 0.0261789818347 0.0284532202295 0.111986495363 0.990406461126 -0.0589345654746 -0.0310716037342 -0.0156562780388 -0.0155455667482
English/CKTAUS_pharma7.en,0.00255396565176 0.00684552959955 0.00256163989874 0.00520531560968 0.00626129297923 0.999032943816 -0.0300770595613 -0.0254263848939 -0.0158559668816 0.00209518697238
Dutch/CKTAUS_pharma7.nl,0.0150835991704 0.00363082223704 0.0330242195424 0.0315998544351 0.121323984566 0.989615519772 -0.0528904046258 -0.0236689033422 -0.0109739594049 -0.0115640136828
English/CKTAUS_pharma8.en,0.00374020746294 0.00685567451861 0.00253363817697 0.00573582959417 0.00550765060366 0.999356266419 -0.0264030498254 -0.0165890202325 -0.0135543209439 0.000611405519707
Dutch/CKTAUS_pharma8.nl,0.0187491508546 0.00463608666697 0.0393467307472 0.034637745915 0.129686892477 0.988997843608 -0.0405038580507 -0.014407197792 -0.00686818599915 -0.00695059668253
English/CKTAUS_pharma9.en,0.00250793490925 0.00677452698947 0.00217041496936 0.00521640255559 0.00528217547521 0.998792682187 -0.0339419356793 -0.0273391777068 -0.019934779457 0.00207124484965
Dutch/CKTAUS_pharma9.nl,0.0184286235247 0.00459536832733 0.0383876396901 0.0341819629379 0.128783467647 0.988830982745 -0.0475835284678 -0.016035824875 -0.0085129768849 -0.00561661293685
English/CKTAUS_software10.en,0.00332054341398 0.00736777226001 0.00363026233283 0.00865908005579 0.00607843416763 0.999789603124 -0.0146846604458 0.00216662979645 -0.00311864636585 -0.00052352898429
Dutch/CKTAUS_software10.nl,0.0178854400488 0.00470309063065 0.0374657660531 0.0338252402129 0.127104939326 0.989331958991 -0.0430442304867 -0.0146118006214 -0.00931175347076 -0.00487355535473
English/CKTAUS_software11.en,0.00324330064317 0.00753374322629 0.00357060044796 0.00761324170029 0.0060132998913 0.999735454636 -0.0160187871007 0.00634221323487 -0.00741820603544 0.00173754310418
Dutch/CKTAUS_software11.nl,0.0209564162606 0.00715883681587 0.0402354582929 0.0352111346342 0.131764588468 0.988650505434 -0.040839409907 -0.0111343294705 0.00267188487613 -0.00775662520186
English/CKTAUS_software12.en,0.00326960378404 0.00728851812541 0.00378263491593 0.00884184241344 0.005954796214 0.999753486346 -0.0161233083882 -0.00194082366268 -0.00604815114388 0.000948487691412
Dutch/CKTAUS_software12.nl,0.0178829259128 0.00471138892036 0.0377358020338 0.0338586831264 0.12740292246 0.98934967723 -0.0428529905024 -0.0124530705969 0.000480925977513 -0.00718505807372
English/CKTAUS_software13.en,0.00423719274509 0.00761398941687 0.00713738578244 0.00958300406094 0.00597157182309 0.999718059476 -0.0151546040571 0.00658856217014 -0.00594458540557 0.00101475922203
Dutch/CKTAUS_software13.nl,0.0179426352857 0.00494797411902 0.0372679250731 0.0338618967067 0.12722408179 0.98940203798 -0.042756756264 -0.0123595563312 -0.00274512871604 -0.00522099485367
English/CKTAUS_software14.en,0.0039232691332 0.00728756083165 0.00340293229249 0.00879490057444 0.00594956652856 0.999715966959 -0.0149628265266 0.0100163705197 -0.00693236805102 0.00169872727539
Dutch/CKTAUS_software14.nl,0.0188389369306 0.00584105656491 0.0382870790478 0.0340402601019 0.128062904431 0.989230179773 -0.042333659938 -0.0117997043444 0.00369189380731 -0.0080547410335
English/CKTAUS_software1.en,0.121188067031 0.116412227566 0.151001377749 0.00612862754892 0.047273578475 0.763870124776 0.414755552954 -0.0454462572667 0.365949599681 -0.234912047935
Dutch/CKTAUS_software1.nl,0.103411010082 0.0723584734505 0.170474232818 0.0690134702545 0.169213641822 0.762388208351 0.574519626194 0.0321507060032 -0.0445666982055 -0.0853486672624
English/CKTAUS_software2.en,0.00353565977007 0.00762604503985 0.00359131893561 0.0127664616846 0.00595846302669 0.99965427515 -0.0144547775661 0.0124169303087 -0.00674939686949 0.000783718063335
Dutch/CKTAUS_software2.nl,0.0189584651992 0.0047673553814 0.0395085043186 0.0349073791357 0.130511055262 0.988836545702 -0.041997136434 -0.0131741689342 -0.00684152989302 -0.00484019628216
English/CKTAUS_software3.en,0.00340037177863 0.00733889806334 0.00418421438226 0.0105447568635 0.00594376484549 0.999667617781 -0.0150636901086 0.0123546123215 -0.00738563208918 0.00105135745476
Dutch/CKTAUS_software3.nl,0.0192375144741 0.0048519918794 0.0399722217621 0.0350423944792 0.131182774672 0.988767301226 -0.0411159236926 -0.0108280839428 0.00545238977515 -0.00856952782231
English/CKTAUS_software4.en,0.00335970954447 0.00720020367 0.00370689370435 0.0101268583242 0.00925510401237 0.999709800494 -0.0152282400109 0.00667359699378 -0.00620357343303 0.000558954227193
Dutch/CKTAUS_software4.nl,0.0182274261105 0.00462726124664 0.038288689182 0.0342673005092 0.12879096221 0.989133205286 -0.0423500169932 -0.012819722264 0.00174493702945 -0.00857636394293
English/CKTAUS_software5.en,0.00326488904087 0.00734547631439 0.00365565243643 0.00862502265385 0.00596405538949 0.999767117042 -0.0156699386334 0.00123938194947 -0.00543876443133 0.00105270510072
Dutch/CKTAUS_software5.nl,0.017933362318 0.0045810872266 0.0368366704395 0.0339150173072 0.126686559655 0.989470977414 -0.0430900388433 -0.0124240595967 -0.00101199472777 -0.00598390243891
English/CKTAUS_software6.en,0.00405441404202 0.00707643069514 0.00330989901058 0.00899029222384 0.00592808185287 0.999753240574 -0.0159037738759 0.00311926259477 -0.00608208737419 0.000607674067837
Dutch/CKTAUS_software6.nl,0.0191865923851 0.00636616131017 0.0377540197336 0.0340630199529 0.12788304326 0.989213214814 -0.0430656436946 -0.0136584549274 -0.00647706207328 -0.00506742746463
English/CKTAUS_software7.en,0.00325122677642 0.00725652803986 0.00363174035221 0.0103636514856 0.00599719853906 0.999740244498 -0.0151071031051 0.00588888641257 -0.00585520714854 0.0015708777171
Dutch/CKTAUS_software7.nl,0.0167181357579 0.00469102367562 0.0351755911579 0.0329076268515 0.124311633174 0.989805086643 -0.0444401146449 -0.0138259548886 -0.0029027296689 -0.00602210677385
English/CKTAUS_software8.en,0.00331064952745 0.00739614096675 0.00370090161509 0.0101964425008 0.0060243254318 0.999747386204 -0.0137470729439 0.00724530656575 -0.00661958791681 0.0004984384627
Dutch/CKTAUS_software8.nl,0.0172181255082 0.00468470972385 0.0361756246414 0.0333343531798 0.125681814269 0.989597689613 -0.0438756092029 -0.0137321424935 -0.00308038804112 -0.00625295067802
English/CKTAUS_software9.en,0.00323873403282 0.00733579967942 0.00360459438597 0.00901270901122 0.00594570652288 0.999755108343 -0.0161296380075 0.000902635991948 -0.00584012994869 0.000871461710268
Dutch/CKTAUS_software9.nl,0.0179566677662 0.00475700242364 0.0375346149911 0.0339124964475 0.127381016351 0.989315451154 -0.0430212708185 -0.0138594990766 -0.00777453929451 -0.00465619324252
English/CKTAUS_undef1.en,0.183624181487 0.450268576389 0.0790354413512 0.12837726972 0.00343462143682 0.0417308475214 0.292597758287 0.726864970967 0.111612399807 0.335643147549
Dutch/CKTAUS_undef1.nl,0.307043575805 0.23278283975 0.295688322733 0.142991360218 0.456435266595 0.0725080004813 0.237821406368 0.268324965586 0.623266216138 -0.114234983213
English/CKTAUS_undef2.en,0.0217498039726 0.0411853005216 0.0230973000364 0.689369060883 0.00902431984144 0.0166649708153 0.1267920622 0.710634329713 -0.0247953483168 -0.00402283148322
Dutch/CKTAUS_undef2.nl,0.0816580245914 0.0318465572595 0.133643327502 0.170242295512 0.545606287688 -0.0274919926531 0.0634994800578 0.182312348691 0.759344446016 -0.182095553682
English/CKTAUS_undef3.en,0.0177473445826 0.0278223571341 0.0189436585988 0.693281438684 0.00859104186601 0.0147961619445 0.115806932764 0.708852632351 -0.0344479280406 -0.0234572069269
Dutch/CKTAUS_undef3.nl,0.0524765851877 0.00731821939809 0.111319162606 0.16857879752 0.550911835582 -0.0398049289013 0.0385873362508 0.168876916633 0.765317266856 -0.188612532319
English/CKTAUS_undef4.en,0.0178907195512 0.0279253484694 0.0191599719197 0.710504302613 0.00787585611327 0.0142919990492 0.113272552281 0.692078730293 -0.0330505566319 -0.0235448263269
Dutch/CKTAUS_undef4.nl,0.050205913607 0.00731123095024 0.107628278482 0.172165337411 0.566280176131 -0.0446791180677 0.0321146225943 0.163791243694 0.755595009951 -0.186410733002
English/CKTAUS_undef5.en,0.0384780436328 0.0100550175058 0.0266910198167 0.118525862184 0.988929082374 -0.00604466326236 -0.0194193721331 0.0678327344786 -0.0257243025867 -0.000383004102781
Dutch/CKTAUS_undef5.nl,0.0299841631261 -0.00846198650311 0.0519365333436 0.985497656645 -0.145706806517 -0.0138349668468 -0.0430732689301 0.00654752897142 0.040351323554 -0.0133425739495
English/CKTAUS_undef6.en,0.0366960105197 0.00714764149193 0.0247454041012 0.0443770527318 0.996837042968 -0.00780976935595 -0.0355995102016 -0.00634666993809 -0.0305393923641 0.00594252779462
Dutch/CKTAUS_undef6.nl,0.0249684146819 -0.00909001969102 0.0416057321111 0.979932931873 -0.186333953183 -0.0122502012049 -0.0481898399989 -0.00560902890719 -0.00821751604995 -0.00164405076012
English/CSTAUS_business10.en,0.96017718654 -0.0972792556255 -0.260359363416 -0.00239317227849 -0.0228160586891 -0.00160090933359 -0.0098297740629 0.000166559264155 -0.0131698242651 0.00324954832261
Dutch/CSTAUS_business10.nl,0.829345341672 -0.546894483318 -0.111247716463 -0.0198467140901 -0.0106109273521 -0.00259305458385 -0.0137841833677 -0.00209629791993 -0.00166101833604 -0.00251177551787
English/CSTAUS_business11.en,0.960292872176 -0.0979941329626 -0.260112599872 -0.00630330962811 -0.0222487988318 -0.00140946011095 -0.00522821368293 -0.00207170142889 -0.00242922607709 -0.00138935135403
Dutch/CSTAUS_business11.nl,0.826779660503 -0.550035870403 -0.113915666715 -0.0243024991319 -0.0144174256672 -0.00290632388852 -0.00509605534112 -0.0070587698146 -0.00583789151046 -0.0015355102925
English/CSTAUS_business12.en,0.960378677073 -0.098406004963 -0.258953645982 -0.00686494063155 -0.0285683108508 -0.00146048457954 -0.00627416155355 -0.00221232771704 -0.00471838029497 -0.00036417408103
Dutch/CSTAUS_business12.nl,0.828502084067 -0.547724030577 -0.112876908459 -0.0238846043566 -0.0127386905877 -0.00272692351529 -0.00720714856735 -0.00502139655806 -0.00453521827923 -0.00189110222668
English/CSTAUS_business13.en,0.960284970254 -0.0983477451512 -0.260050063278 -0.00556355792647 -0.0221711421705 -0.00140878715949 -0.00467202666283 -0.00145723359358 -0.00140281938589 -0.00201118078075
Dutch/CSTAUS_business13.nl,0.826853170273 -0.549985378856 -0.113678883719 -0.024235221679 -0.0140430438208 -0.00288526449353 -0.00627958726688 -0.0064834580752 -0.0054827148671 -0.00161951930697
English/CSTAUS_business14.en,0.960319235411 -0.0983734175231 -0.259219442402 -0.004134329754 -0.0287098297621 -0.00148501092579 -0.00632722071004 -0.0024570876322 -0.00502805805633 0.000113447448693
Dutch/CSTAUS_business14.nl,0.829058558943 -0.546800140664 -0.112737140473 -0.0240132405117 -0.0122730073147 -0.00285878931015 -0.0140522274428 -0.0012755522344 -0.00432140900346 -0.00294063953988
English/CSTAUS_business15.en,0.963579371385 -0.0951331422469 -0.248120174478 -0.00698616818549 -0.0286294845231 -0.00137279351382 -0.00323739563766 -0.00163236252971 0.00253135336218 -0.0033117554977
Dutch/CSTAUS_business15.nl,0.830142304294 -0.546046039273 -0.109336795573 -0.023185159323 -0.0114357782629 -0.00228701471297 0.003026742399 -0.00708410294984 -0.00307629753363 -0.000757881285793
English/CSTAUS_business16.en,0.962048139104 -0.097796832395 -0.252834304223 -0.00675687075301 -0.0285682179355 -0.00153735059838 -0.00756664817303 -0.00182097526755 -0.00699281570347 0.000583794831524
Dutch/CSTAUS_business16.nl,0.828397612461 -0.549440837688 -0.105879777152 -0.022900272158 -0.00958108191066 -0.00202475147446 -0.00268052240425 -0.00498782353474 -0.00200659737985 -0.00228584950929
English/CSTAUS_business17.en,0.960734010702 -0.0982415281265 -0.257500525882 -0.00670949403446 -0.0280710483444 -0.00159647826336 -0.00885667462388 -0.00196702595579 -0.0102843928016 0.00293489040869
Dutch/CSTAUS_business17.nl,0.828740831305 -0.547040017122 -0.113913256201 -0.0243830679986 -0.0140240763624 -0.00301387240558 -0.0100488540267 -0.00532141755199 -0.00519638152544 -0.0017414861701
English/CSTAUS_business18.en,0.961560237428 -0.0980012294741 -0.254776913904 -0.0064933549788 -0.0253540023487 -0.00159009799333 -0.00888252410785 0.000119907218788 -0.0107178862022 0.00225582745823
Dutch/CSTAUS_business18.nl,0.827549772808 -0.549661637449 -0.109946171012 -0.0239544387938 -0.0118518001211 -0.00278847507676 -0.0141646457617 -0.00226223840229 -0.00338659148701 -0.00245306158027
English/CSTAUS_business19.en,0.96067488439 -0.0935905677684 -0.259726900724 -0.00679900128143 -0.0284273358113 -0.0014056093881 -0.00463384191221 -0.00181986795534 -0.0013601226415 -0.00188659619193
Dutch/CSTAUS_business19.nl,0.828646617179 -0.548367684749 -0.110168385832 -0.0184158296344 -0.0101463302619 -0.00220359178897 -0.00520443504285 -0.00417882470219 -0.00197981367454 -0.00227550570269
English/CSTAUS_business1.en,0.959906592281 -0.0975135183431 -0.260326802085 -0.00419345293034 -0.028996491636 -0.00149286011823 -0.0099890910351 0.00659240911336 -0.01652375508 0.00484948111473
Dutch/CSTAUS_business1.nl,0.830011915315 -0.545397988636 -0.112648636446 -0.0237080297549 -0.011687561905 -0.00280078821659 -0.0140672920958 -0.00147065728103 0.00325604145333 -0.00379098875395
English/CSTAUS_business20.en,0.960795214951 -0.0982497457733 -0.257258735596 -0.00679501161223 -0.0288422120372 -0.00154179681463 -0.00815186558254 -0.000882481751234 -0.00917701217468 0.00236930122715
Dutch/CSTAUS_business20.nl,0.828828357894 -0.547656900864 -0.11092127884 -0.0232502349908 -0.00990138833405 -0.00245182178286 -0.0126140318398 0.00121447780651 -0.00241921898524 -0.000937157208884
English/CSTAUS_business21.en,0.960920580764 -0.0979982885666 -0.257110704181 -0.00679020355921 -0.0286171103427 -0.00142262117087 -0.00578118266924 -0.000667700949448 -0.00458318025069 -0.000339910525702
Dutch/CSTAUS_business21.nl,0.828991224944 -0.547474284268 -0.111229872998 -0.0226416988234 -0.0106270953834 -0.00222364810728 -0.000877221489845 -0.00582010328841 -0.0016061195781 -0.00237136072463
English/CSTAUS_business2.en,0.960425699981 -0.0938738447943 -0.260321213934 -0.00512341321434 -0.0287394271055 -0.00153833854237 -0.00787638411887 5.39344141355e-05 -0.00916584134292 0.00155504156488
Dutch/CSTAUS_business2.nl,0.830965829573 -0.543987855553 -0.112754441113 -0.0238055088634 -0.0119462775522 -0.00270304810031 -0.010274039172 -0.00425716475921 -0.00387359036666 -0.00200818276451
English/CSTAUS_business3.en,0.960349233386 -0.0948071079036 -0.260589858548 0.000622494076371 -0.0262867724305 -0.00163741134856 -0.00800150510281 -0.0031243453663 -0.00803862646332 0.00119150944034
Dutch/CSTAUS_business3.nl,0.829094978567 -0.546684999261 -0.113258258082 -0.0240932296614 -0.0129297688044 -0.00287924673419 -0.0105894231847 -0.00455341399686 -0.00410501913631 -0.00198033584543
English/CSTAUS_business4.en,0.959982832987 -0.0956410836071 -0.260784201701 -0.00226243601719 -0.0290412251213 -0.00177744818224 -0.0116193253472 -0.0026680487383 -0.0161343683247 0.00481953292405
Dutch/CSTAUS_business4.nl,0.827742072657 -0.548551965998 -0.113675383679 -0.0241403773254 -0.0115739767996 -0.00347177972384 -0.0153830241516 -0.00392386908925 -0.00525759581067 -0.00180676335379
English/CSTAUS_business5.en,0.961047606626 -0.0950312413412 -0.257104578353 -0.00689571765143 -0.0291427098283 -0.00169068494104 -0.0108982216357 -0.00175092254716 -0.0146635655105 0.00415123667392
Dutch/CSTAUS_business5.nl,0.830139921795 -0.545735855293 -0.110671960593 -0.0230618786203 -0.00930819186783 -0.0023952767756 -0.0126203394045 -0.00157632234297 -0.00132155557758 -0.00201725737682
English/CSTAUS_business6.en,0.960279946711 -0.0929766475946 -0.26101031026 -0.00672656803766 -0.026406517581 -0.00171931633811 -0.0107033644691 -0.00182620558197 -0.0144868674019 0.0042557704759
Dutch/CSTAUS_business6.nl,0.828255100453 -0.548058382365 -0.112556058422 -0.0239570259596 -0.0120745131957 -0.00283913053572 -0.0143564747426 -0.00275819137084 -0.00339614940781 -0.00189429780088
English/CSTAUS_business7.en,0.960293598097 -0.0983987271491 -0.259704097202 -0.00556990139861 -0.0252055644399 -0.00123927452095 -0.00142532314964 -0.00132307729796 0.00473707788518 -0.00368453214298
Dutch/CSTAUS_business7.nl,0.827192344113 -0.549815956523 -0.112525917666 -0.0236199034348 -0.0124289391616 -0.00256811841882 -0.00245733555273 -0.00666055217437 -0.00452693887465 -0.001813675599
English/CSTAUS_business8.en,0.962863550716 -0.0935279328 -0.251492325224 -0.00662673984226 -0.028635002181 -0.0013809791382 -0.00428301596661 -0.00199516594695 0.000498553029173 -0.00309212548862
Dutch/CSTAUS_business8.nl,0.828725608925 -0.548010247525 -0.110635654993 -0.0227677845875 -0.0095428299688 -0.00219938140571 -0.00333525748853 -0.00486505898545 -0.00207035865966 -0.00224310935762
English/CSTAUS_business9.en,0.960029418497 -0.0975373258705 -0.260481180724 -0.00678826246937 -0.0274890908329 -0.00158173693131 -0.00848008364758 -0.00181678941171 -0.00979211117946 0.00205174874349
Dutch/CSTAUS_business9.nl,0.827237170302 -0.549462402404 -0.113088613123 -0.024175952329 -0.0129053222139 -0.00294672866383 -0.0136698439902 -0.0035963422026 -0.00415452951796 -0.0019830147151
English/CSTAUS_electronics1.en,0.0289367866952 0.0922815801761 0.032850255185 0.0247239050958 0.0315169238269 0.0244141447792 0.411237452644 0.214945646574 0.321568332174 0.817705893912
Dutch/CSTAUS_electronics1.nl,0.105137152617 0.0291158213253 0.190809528327 0.097208847616 0.254313914356 0.0828150048414 0.514280239292 0.452871514643 0.316248197433 0.548741308988
English/CSTAUS_electronics2.en,0.0575268924293 0.110237528554 0.136690138633 0.0265537408294 0.0280038912993 0.0190434043855 0.356906860007 0.201929978321 0.332452774882 0.827840026348
Dutch/CSTAUS_electronics2.nl,0.117568085939 0.0225764392455 0.227773037251 0.105876533509 0.291574150805 0.0820634428965 0.491886634088 0.427486509031 0.326577298294 0.547245694982
English/CSTAUS_electronics3.en,0.0623618998539 0.0691466094647 0.0866379855065 0.00947571696629 0.00755302150545 0.0105790245712 0.445963416414 0.0186199727946 0.186248915233 0.865821064432
Dutch/CSTAUS_electronics3.nl,0.0608887966107 0.00812334488633 0.1285133116 0.0240124559566 0.083178431779 0.0155232884995 0.13258219198 0.467114674861 0.1374212839 0.846945043109
English/CSTAUS_hardware10.en,0.269767984176 0.0868674359379 0.957047113274 -0.0174916492983 -0.0299348223284 -0.0055414005497 -0.0494382965552 0.00167405449974 0.00344921823416 -0.0069644114253
Dutch/CSTAUS_hardware10.nl,0.121995814598 -0.0165079725438 0.982474684831 -0.0670758359959 -0.104910298494 -0.0166560864989 -0.0517815525174 -0.0302339551084 -0.0144399993842 -0.00114157882526
English/CSTAUS_hardware11.en,0.295440812035 0.0842619095169 0.949647986434 -0.0154034582485 -0.0330906399707 -0.00555307152142 -0.0462979947418 0.00388229308206 -0.00987085050426 -0.0128162108428
Dutch/CSTAUS_hardware11.nl,0.140578652513 -0.0229635765401 0.982447583432 -0.0598674063197 -0.0887493588214 -0.0140771812003 -0.0449551095124 -0.0243795701353 -0.00439971148101 -0.0146170306921
English/CSTAUS_hardware12.en,0.835114920138 0.00126020905103 0.54799510827 -0.00412100830296 0.00124605164329 -0.00429552322087 -0.0118503888025 0.0298438933317 -0.028593961319 -0.0199286770103
Dutch/CSTAUS_hardware12.nl,0.531602944865 -0.281389197606 0.795434338243 0.0459911392228 -0.0346929535135 -0.00409392007553 -0.00201985241187 0.00788866600396 0.0358713501094 -0.0285312340964
English/CSTAUS_hardware13.en,0.333548357019 0.0806585706383 0.937127189787 -0.0177379350428 -0.0226867347278 -0.00568847129362 -0.0523079271314 0.00169857739757 -0.00151122705385 -0.0207207500484
Dutch/CSTAUS_hardware13.nl,0.152387506311 -0.0291650907917 0.979027534089 -0.0576788775218 -0.101263028829 -0.0159012035687 -0.0474245351358 -0.0331542281434 -0.0115863781481 -0.0107748394334
English/CSTAUS_hardware14.en,0.300803016696 0.0881889228071 0.947743984147 -0.0142640278752 -0.0285362441674 -0.00511106787894 -0.0390477634052 0.00174684789553 0.0258807945287 -0.0167362477036
Dutch/CSTAUS_hardware14.nl,0.142070977866 -0.0145456456092 0.98313326498 -0.0580599910154 -0.090063991279 -0.0142790232595 -0.0219098282075 -0.0288237279981 -0.0059538911556 0.00453568699211
English/CSTAUS_hardware15.en,0.287348480364 0.085264819547 0.952627023838 -0.0142983609482 -0.0308005639738 -0.0052379633171 -0.0365614981753 0.000772556908082 0.00806188353141 -0.00892338206455
Dutch/CSTAUS_hardware15.nl,0.126175687077 -0.0192897417812 0.982007241476 -0.0654055241462 -0.108750026543 -0.0169709005291 -0.041501477694 -0.030523898848 -0.0179629377243 0.00041113421026
English/CSTAUS_hardware16.en,0.326496724355 0.0908994796825 0.939469885292 -0.0157167401007 -0.0107717278996 -0.00507360630159 -0.0383682815621 0.00164357230524 0.0029814973532 -0.0257100174969
Dutch/CSTAUS_hardware16.nl,0.164983233523 -0.0234819481253 0.979898175492 -0.0504296167403 -0.0870116612311 -0.0132723929005 -0.031162246568 -0.0153624157172 -0.00787626494498 -0.0216619392313
English/CSTAUS_hardware17.en,0.299359504365 0.0842659139815 0.949839967495 -0.0165735909753 -0.0148049612112 -0.00508929609667 -0.0189255488667 0.00363375779188 -0.0102078602067 0.0095826041555
Dutch/CSTAUS_hardware17.nl,0.135363865677 -0.0210163138493 0.985022087977 -0.0527026548091 -0.086332053866 -0.0128041282544 -0.0216162480734 -0.00581996192192 -0.00521182230378 0.00658698269769
English/CSTAUS_hardware18.en,0.268671369245 0.0870840088096 0.957570676971 -0.0149708130559 -0.0325839850495 -0.00536445375129 -0.0405417935417 -0.000443829032001 -0.00729676766656 -0.016696522043
Dutch/CSTAUS_hardware18.nl,0.129022133422 -0.0134579954501 0.980742988962 -0.0683945604526 -0.108338974595 -0.0173274205625 -0.0555437589261 -0.0336316406713 -0.017701952966 -0.00839146468553
English/CSTAUS_hardware19.en,0.279072748746 0.0906076033846 0.954718334432 -0.00874735713614 -0.0178116931748 -0.0054472007453 -0.0441008191577 0.00516020945101 -0.00219174262709 -0.00466975390335
Dutch/CSTAUS_hardware19.nl,0.138711925811 -0.0127296308004 0.9842682212 -0.0586475541915 -0.0784472470386 -0.0129473524005 -0.039271174405 -0.0172810135301 0.0042398874641 -0.0138942990272
English/CSTAUS_hardware1.en,0.270292266872 0.0866685573772 0.956589629568 -0.0182419488066 -0.0299100332711 -0.00564673062614 -0.048626899929 -0.000629942767952 -0.0132431580746 -0.0238183631126
Dutch/CSTAUS_hardware1.nl,0.119871746167 -0.0167337409558 0.980979674419 -0.0695017136802 -0.112247562992 -0.0178869130255 -0.0558304541349 -0.0394803726806 -0.0209173003457 -0.0128998686663
English/CSTAUS_hardware20.en,0.271914580171 0.0932870923688 0.956534250429 0.00196656012495 -0.0270412775 -0.00504823252501 -0.0356148260142 0.0183481465944 -0.00604304699375 -0.000189240030476
Dutch/CSTAUS_hardware20.nl,0.143503577285 -0.00392925183923 0.986347039297 -0.0493340934497 -0.051910699662 -0.00806292906179 -0.0237420189364 0.00265649392797 0.0211313221619 -0.0173189149972
English/CSTAUS_hardware21.en,0.275666596278 0.0870822936687 0.956302445059 -0.0105307484681 -0.0138370378359 -0.00495403360967 -0.00653149948615 -0.00108588510689 -0.0281385841702 -0.0273443435012
Dutch/CSTAUS_hardware21.nl,0.133494209351 -0.0137045052643 0.986020967635 -0.0441392802535 -0.0789206327074 -0.0118040000313 -0.0249584295217 -0.00573842485819 -0.0041219335674 -0.0276625050236
English/CSTAUS_hardware2.en,0.26922422837 0.0955502595356 0.956322434888 -0.018255657256 -0.0306009779644 -0.00562804639435 -0.0488619944137 0.000979044999822 -0.00431683213656 -0.0112876677724
Dutch/CSTAUS_hardware2.nl,0.126608932911 -0.00743836190005 0.981082724321 -0.0687414300508 -0.110176160728 -0.0175156955621 -0.0517336891908 -0.0345642166025 -0.0184317809893 -0.00312674150055
English/CSTAUS_hardware3.en,0.267896963284 0.0875975198961 0.958552080553 -0.0159721019422 -0.0241106643641 -0.00453288977937 -0.010541780659 -0.00385301241233 -0.0223359971359 -0.0159357949347
Dutch/CSTAUS_hardware3.nl,0.12380227784 -0.0164166177086 0.983879504614 -0.0587559859037 -0.100430110403 -0.0154961049022 -0.0391505365255 -0.0249039314656 -0.0152629323042 -0.0148351416533
English/CSTAUS_hardware4.en,0.267377727643 0.0924260908383 0.957575624388 -0.0173584183498 -0.0322793756425 -0.00545341832782 -0.0388000606814 -0.00109640439709 -0.00733394782229 -0.00905792013186
Dutch/CSTAUS_hardware4.nl,0.124801665086 -0.0142621716116 0.981794875812 -0.0677122649553 -0.106804225625 -0.0169418905956 -0.0518612557221 -0.028695086372 -0.0190525387751 -0.0120348878947
English/CSTAUS_hardware5.en,0.343629036725 0.0845278170675 0.93497071035 -0.00822635177459 -0.0208543749663 -0.00491677924231 -0.00801225542454 -0.000202534695454 -0.00317192321785 -0.00168912928381
Dutch/CSTAUS_hardware5.nl,0.157357600246 -0.0288026459398 0.982873290337 -0.0502100343376 -0.0750470224064 -0.0106226919082 -0.00365479106666 0.00246592069672 0.000650434041543 -0.0091259159766
English/CSTAUS_hardware6.en,0.269255167173 0.0871753708849 0.957427930389 -0.018095860368 -0.0347659311071 -0.00543976551127 -0.0403269829767 0.000239020087974 -0.0064436067103 -0.000551218516205
Dutch/CSTAUS_hardware6.nl,0.122691924001 -0.0164697706919 0.98313907551 -0.0660947459021 -0.102666786888 -0.0160945047305 -0.0440994033795 -0.0287354378428 -0.0129831806719 0.00243582609795
English/CSTAUS_hardware7.en,0.266838275857 0.0872052623607 0.957738992817 -0.0170976914218 -0.0322999188575 -0.00557752413778 -0.0497798049253 0.00176324391746 -0.00289479580763 -0.0085062304676
Dutch/CSTAUS_hardware7.nl,0.120845859731 -0.0166050403752 0.981697063832 -0.0684309586763 -0.108776507026 -0.017387233627 -0.05572465808 -0.0337700838434 -0.0170772476904 -0.00605778304035
English/CSTAUS_hardware8.en,0.289536912535 0.0852185006061 0.951170045416 -0.0170796716134 -0.0358750676284 -0.00552659756458 -0.0503525238765 0.00506387112395 -0.000725219620928 -0.00330209066643
Dutch/CSTAUS_hardware8.nl,0.132600970924 -0.0194297104504 0.983845818649 -0.0611458560923 -0.0860726052435 -0.0137010306646 -0.048687158104 -0.0194215925194 0.000117593376263 -0.0020482207298
English/CSTAUS_hardware9.en,0.266589683163 0.087083670644 0.95732835047 -0.0181061887896 -0.0360117295152 -0.00549308756553 -0.0536219462488 0.00156869004126 -0.00461360515128 -0.0177452111152
Dutch/CSTAUS_hardware9.nl,0.118822307012 -0.0168083857219 0.980326900171 -0.0708634400475 -0.115791923425 -0.0185954318081 -0.0619523440438 -0.0371241164213 -0.0225738607553 -0.00753972382541
English/CSTAUS_industrial1.en,0.0345272230581 0.0186364957869 0.0290277150392 0.0175608124654 0.104139276157 0.0214613036462 0.582750547689 0.120641895386 0.771213732241 -0.192563487125
Dutch/CSTAUS_industrial1.nl,0.0275711517561 -0.00331612958654 0.0617153982223 0.0535909190632 0.0565434893023 0.0366974560726 0.959414532626 -0.259009890835 -0.0129010843223 0.0165946221941
English/CSTAUS_industrial2.en,0.158292314427 0.0552956607433 0.0281157703573 0.0205743300273 0.215384061756 0.0202303930968 0.627543090909 0.104358514539 0.711033205512 -0.116633274796
Dutch/CSTAUS_industrial2.nl,0.0459559271683 0.00997540881117 0.0920100096524 0.0820475523764 0.0695865527459 0.0426449962931 0.960728338945 -0.229421323411 -0.00325821608162 0.0169208852565
English/CSTAUS_industrial3.en,0.207140890072 0.169081302539 -0.0195995618204 0.0224657230018 0.149581030237 0.0201339470915 0.854491838215 0.16084621888 0.38092541856 0.060856146917
Dutch/CSTAUS_industrial3.nl,0.0485399086305 0.0126312766183 0.0934366830323 0.0597704468429 0.0789929913287 0.0403333934811 0.963882193744 -0.218888104131 0.00103755680487 0.01824200343
English/CSTAUS_leisure10.en,0.074870636225 0.991140828536 -0.10810839517 -0.0139500422204 -0.00725564804868 -0.00705378229478 -0.0050693059609 -0.000237681096445 -0.00333984956247 -0.00359274708822
Dutch/CSTAUS_leisure10.nl,0.552468741305 0.831583001752 -0.0535802657913 -0.00682056215525 -0.0151798914571 -0.00512984626333 -0.00636321505108 -0.00439409700376 -0.00254503312764 -0.00275969430921
English/CSTAUS_leisure11.en,0.0743395502175 0.991778002392 -0.102666356872 -0.0138423434699 -0.00728629836855 -0.00585997848341 -0.00378932621371 0.00365603154609 -0.00116318822885 -0.00123526531689
Dutch/CSTAUS_leisure11.nl,0.548098705371 0.834446448202 -0.0537834072456 -0.00698313216575 -0.0158751812797 -0.00587803427914 -0.0064503018744 -0.00274449311969 -0.00296152584531 0.00101650618753
English/CSTAUS_leisure12.en,0.0713024565498 0.991182439168 -0.110374919378 -0.0116718420513 -0.00702143404898 -0.00567590918216 -0.00550392746338 -0.00510006192812 -0.00217285061791 -0.00345479947056
Dutch/CSTAUS_leisure12.nl,0.548566698212 0.834246641295 -0.052625079169 -0.00649778483902 -0.0145047063966 -0.00600753277505 -0.00583625774632 -0.00313154002202 -0.00223393262929 -0.000403826052826
English/CSTAUS_leisure13.en,0.0762800178812 0.991328055722 -0.105648982823 -0.0115736287732 -0.00748009385527 -0.00663200712003 -0.00557721988048 -0.000896109891101 -0.00301027309819 -0.00367190609074
Dutch/CSTAUS_leisure13.nl,0.548825199939 0.833952703402 -0.0536923450756 -0.00695084913225 -0.015860592067 -0.00582813806587 -0.00678604138463 -0.00518678208651 -0.00368747721955 -0.00324500373205
English/CSTAUS_leisure14.en,0.0734208312369 0.991582292103 -0.105249117432 -0.0129242485278 -0.00642348906176 -0.00504316119211 -0.00588334386624 -0.00304080090947 -0.00282989906799 -0.00331110079009
Dutch/CSTAUS_leisure14.nl,0.547318096841 0.834705943274 -0.0557865833179 -0.00790778538233 -0.0188541318876 -0.00656531753493 -0.00815159088827 -0.00615743399815 -0.004678992552 -0.00306204226414
English/CSTAUS_leisure15.en,0.0722942643809 0.991096312983 -0.110785307224 -0.0120665657798 -0.00546066179808 -0.00418424702207 -0.00495104644446 -0.0014832871156 -0.00212557614345 -0.0020232637827
Dutch/CSTAUS_leisure15.nl,0.548946067181 0.833801740008 -0.0530272403555 -0.00848016132338 -0.0202358621547 -0.00363965012174 -0.00823080045752 -0.00611359527225 -0.00426090671086 -0.00174863114503
English/CSTAUS_leisure16.en,0.0713701499951 0.991102107763 -0.111154890918 -0.0122760876488 -0.00216983782072 -0.00524751079627 -0.00601536965652 -0.00605500153595 -0.00246678834912 -0.00237154972958
Dutch/CSTAUS_leisure16.nl,0.552413279326 0.831324685085 -0.056072910357 -0.00792065162092 -0.0186075652906 -0.00716939725616 -0.00795376171476 -0.006066588115 -0.00512124897301 -0.00282737385408
English/CSTAUS_leisure17.en,0.0718248611202 0.991121719838 -0.110782858857 -0.0117516152078 -0.00322993832688 -0.00441117203382 -0.00572023240828 -0.00511051477918 -0.00233402206351 -0.0037157092476
Dutch/CSTAUS_leisure17.nl,0.548403677919 0.834314565378 -0.0529277195146 -0.00661329783351 -0.0148240100446 -0.00464162860998 -0.00648025623813 -0.00447524582368 -0.00338892619771 -0.00356798047002
English/CSTAUS_leisure18.en,0.0740563854064 0.991094127229 -0.109267087252 -0.0132895823729 -0.00716784237021 -0.00233867352169 -0.00596014080171 -0.00435239893645 -0.00277748390976 -0.00362559884377
Dutch/CSTAUS_leisure18.nl,0.547905643347 0.834525178387 -0.0542980290586 -0.0071891982239 -0.0165947151944 -0.00380382331222 -0.00647580154745 -0.00188601723784 -0.000279420437785 -0.00563447509038
English/CSTAUS_leisure19.en,0.0734998421971 0.991825861908 -0.103042419336 -0.0119901526653 -0.00221984967468 -0.00538438481811 -0.00620519289476 -0.00521996694174 -0.00254342371511 -0.00340412900804
Dutch/CSTAUS_leisure19.nl,0.552512650135 0.831498779514 -0.054236146084 -0.00701546114914 -0.0157309741982 -0.00368183974359 -0.00687485094391 -0.00460667278583 -0.00228112913204 -0.00375057560794
English/CSTAUS_leisure1.en,0.0715120513733 0.991207612048 -0.109748145042 -0.0129864939915 -0.00280247593211 -0.00727006728169 -0.00681422977352 -0.00686563288918 -0.00322045197762 -0.00394236693671
Dutch/CSTAUS_leisure1.nl,0.547286728631 0.834689319117 -0.055854476227 -0.00800129371812 -0.0192675932704 -0.00722388922482 -0.00825845228335 -0.00665332517939 -0.00664729173692 -0.00267469957746
English/CSTAUS_leisure20.en,0.0711300827096 0.991122699677 -0.111086849557 -0.0128622119737 -0.00694817716782 -0.00525921038617 -0.0045371921266 -0.00255549504638 -0.00128821595859 -0.00242244709933
Dutch/CSTAUS_leisure20.nl,0.548164349238 0.834393171077 -0.0536559022426 -0.00700503630662 -0.0161333378865 -0.00636779839983 -0.00640433253427 -0.00436994767916 -0.00362919850514 -0.00131888492089
English/CSTAUS_leisure21.en,0.0716687086224 0.991253273964 -0.109979077469 -0.00926583699649 -0.00117259687879 -0.00692058214122 -0.00421002401145 -0.00303367299897 0.000228298613822 -0.00480008426115
Dutch/CSTAUS_leisure21.nl,0.547639466344 0.834597551287 -0.0550406660667 -0.00537653134464 -0.0183895235466 -0.00505526287852 -0.00786727291475 -0.00565697222049 -0.00318260000049 -0.00343595075681
English/CSTAUS_leisure2.en,0.0774403291452 0.990955189827 -0.108483221116 -0.0106575663384 -0.00734473330361 -0.00249641950251 -0.00576307786859 -0.00364112171597 -0.00253983594711 -0.00393895613183
Dutch/CSTAUS_leisure2.nl,0.550064675809 0.833077042942 -0.0544368206511 -0.00714666757026 -0.0163662001003 -0.00427091440171 -0.00724482821712 -0.00551539015787 -0.00441048740818 -0.00293222971751
English/CSTAUS_leisure3.en,0.0803433702143 0.99062864846 -0.109415158015 -0.00749878137221 -0.00767730501251 -0.00397591652445 -0.00635012945212 -0.00604145071218 -0.00277423199319 -0.00355621000112
Dutch/CSTAUS_leisure3.nl,0.549330178278 0.833761060617 -0.0505263205137 -0.00787261243199 -0.0183465675739 -0.00706936444311 -0.00667868449986 -0.00480759945305 -0.00247590659632 -0.00188189598561
English/CSTAUS_leisure4.en,0.0781892217613 0.990594414307 -0.111002187023 -0.0127158185874 -0.00726042811082 -0.00625038608252 -0.00488013805427 -0.000853513540054 -0.0024460037651 -0.00191469786505
Dutch/CSTAUS_leisure4.nl,0.548499562093 0.834289798041 -0.0528091919644 -0.00654432953593 -0.0145516771038 -0.00208884551066 -0.0062354431291 -0.00370538448621 -0.00173927015743 -0.00231818777187
English/CSTAUS_leisure5.en,0.0729134506247 0.991459737948 -0.107334863638 -0.00612330062293 -0.00736844734189 -0.00502172960864 -0.00429937799501 -0.00576157875549 -0.00113786255605 -0.000679725264303
Dutch/CSTAUS_leisure5.nl,0.54929695167 0.833766341433 -0.0528826105074 -0.00601429224652 -0.0107725983698 -0.00730275844409 -0.006859653166 -0.00532092712652 -0.00453105080648 -0.00292025501992
English/CSTAUS_leisure6.en,0.0740206356531 0.990846945477 -0.111877777559 -0.0117987906449 -0.0017187763307 -0.0043993044613 -0.00575564840022 -0.00323430175944 -0.00294626464476 -0.00358480427783
Dutch/CSTAUS_leisure6.nl,0.54765540007 0.834600549798 -0.0543441743403 -0.00577025361962 -0.0188528963632 -0.00543838428983 -0.00813669618766 -0.00624760385721 -0.0055027601169 -0.00289369442269
English/CSTAUS_leisure7.en,0.071249774344 0.991152355597 -0.110659679037 -0.0133184796503 -0.00663771978848 -0.00613627518523 -0.00451449197973 -0.00135920177647 -0.0017029674127 -0.00326952957444
Dutch/CSTAUS_leisure7.nl,0.547997955735 0.834450252763 -0.0540934623313 -0.00713352326394 -0.0167759677408 -0.00666114571182 -0.00490771534034 -0.00606365417393 -0.00423026831953 -0.00307793042284
English/CSTAUS_leisure8.en,0.0727630837947 0.991003338138 -0.1111707822 -0.0124102515534 -0.00280851128682 -0.00458270107204 -0.00583975127695 -0.00554613335375 -0.00237010040455 -0.00236468302059
Dutch/CSTAUS_leisure8.nl,0.547692553894 0.834586165819 -0.0548367780411 -0.00744051044854 -0.0174734307205 -0.00597518432366 -0.00742775860149 -0.00470153446887 -0.00418154095221 -0.000761507098835
English/CSTAUS_leisure9.en,0.071189721244 0.991126674203 -0.11112088982 -0.0123275482319 -0.00409695204016 -0.00662508264678 -0.00439039853372 0.00135980325967 -0.00247270554342 -0.00349327934425
Dutch/CSTAUS_leisure9.nl,0.548442838146 0.834239876692 -0.0533770787963 -0.00679230632047 -0.0154280886387 -0.00646276398831 -0.00647113387608 -0.00460752087259 -0.0030182461493 -0.00265058250503
English/CSTAUS_software10.en,0.0643414630085 0.00112812737368 0.0229620733872 0.0119193359849 0.0397177379175 0.0194115882203 0.433747188816 -0.0113720543355 0.813290156652 -0.378851476553
Dutch/CSTAUS_software10.nl,0.0431289120572 -0.00786821094606 0.0819192765823 0.0588913180117 0.0758174064267 0.039570240661 0.960055547536 -0.242405442521 0.00147407970003 0.0107575134218
English/CSTAUS_software11.en,0.0295520066202 0.00368572166773 0.0289824597029 0.00497957725197 0.0420316093526 0.0187297083369 0.392805328822 -0.0127741614418 0.835643855558 -0.378643629497
Dutch/CSTAUS_software11.nl,0.0248683003337 -0.00375491079165 0.0644699461186 0.0496094472359 0.0445026717541 0.034870217214 0.958275796637 -0.265490291416 -0.0212817180457 0.0179741050933
English/CSTAUS_software12.en,0.0277610025462 0.00217197400157 0.0141843293112 0.00535714038085 0.0454941370086 0.0187925006108 0.387853615613 -0.0112890079817 0.836211669079 -0.38309791984
Dutch/CSTAUS_software12.nl,0.0241972559203 -0.00354177627158 0.0553157809217 0.0508239677443 0.0472880661945 0.0352977292763 0.959029665886 -0.264234708647 -0.0199572734462 0.0179101185921
English/CSTAUS_software13.en,0.0329472465963 0.00169225417193 0.0126264037339 0.00700285594775 0.0400683726984 0.0187228393784 0.387274223016 -0.0119836203155 0.836660828564 -0.382911030043
Dutch/CSTAUS_software13.nl,0.0248969990802 -0.00349538778189 0.0566461128582 0.0513971754274 0.0492090256845 0.0355945441243 0.959153018922 -0.263089206878 -0.018172523458 0.0175580490357
English/CSTAUS_software14.en,0.0337260978394 0.00199459047392 0.0166369048818 0.0049046455429 0.0390194838492 0.0190210748926 0.408982692832 -0.0161539391851 0.825518289557 -0.384272259201
Dutch/CSTAUS_software14.nl,0.0277598116991 -0.00594599915812 0.0551836945344 0.0508584255088 0.0472001815286 0.0355682249442 0.965182571999 -0.239910660087 -0.0300141023393 0.00582186788317
English/CSTAUS_software1.en,0.0536188059136 0.0256116119385 0.179682096913 0.00102541778901 0.00892271111085 0.011263878821 0.862574342453 -0.167212662528 -0.435010945706 -0.0524097143881
Dutch/CSTAUS_software1.nl,0.0288282920578 4.81693664357e-05 0.112519789858 0.0203886378711 0.0559188073935 0.0183764520223 0.225657299887 0.827822007422 -0.28438816701 -0.406867052098
English/CSTAUS_software2.en,0.03123698925 0.00552774403741 0.0495764338874 0.0040067270903 0.01473872414 0.0129697752055 0.894376333535 -0.167493679534 -0.404908609097 -0.0649633161058
Dutch/CSTAUS_software2.nl,0.0165776929264 0.000390130981049 0.0535124332702 0.0189329503354 0.0432865351583 0.016708549756 0.233268569164 0.826983649814 -0.299233060791 -0.408036130656
English/CSTAUS_software3.en,0.019866225052 0.00738432564164 0.06092474056 0.00258465884447 0.0133421933242 0.0122198503444 0.880111408668 -0.168714706197 -0.435875409231 -0.0495665751319
Dutch/CSTAUS_software3.nl,0.0152048498725 0.000406619775919 0.0491595908347 0.0175315493366 0.040725106226 0.0161200784055 0.226070474321 0.831197485759 -0.301695756856 -0.402627353773
English/CSTAUS_software4.en,0.0143726577446 0.0056757156506 0.0414316484703 0.00196138536993 0.0140118164379 0.0122402305055 0.879790392837 -0.170927801938 -0.438183645168 -0.0494193736803
Dutch/CSTAUS_software4.nl,0.00905697389964 0.000223302378617 0.0321339014354 0.0132901421102 0.0270018462541 0.0138006403649 0.215504198839 0.828125899528 -0.314667473284 -0.408091857989
English/CSTAUS_software5.en,0.0168593807811 0.00637529977539 0.0499317045992 0.0021443061052 0.0138939996477 0.0123982579766 0.883101899723 -0.167827825072 -0.432089482332 -0.0457615420102
Dutch/CSTAUS_software5.nl,0.0135022336571 0.000182796766468 0.0393148477679 0.0169261566509 0.0382035830131 0.0157098299965 0.22368148546 0.833299016388 -0.303050297772 -0.400023813158
English/CSTAUS_software6.en,0.0158459217781 0.00606647500868 0.0466853035261 0.00231068530825 0.0138475694975 0.0123093706475 0.882300869241 -0.168004529362 -0.434748740196 -0.0386931411641
Dutch/CSTAUS_software6.nl,0.01312930302 0.000476517731727 0.0403581081908 0.0167093191662 0.0378801884049 0.0156352312828 0.221575334763 0.838117379748 -0.303497260609 -0.390631653287
English/CSTAUS_software7.en,0.0176964008349 0.00535514749265 0.0403894561232 0.00286044812551 0.0332109920646 0.0122250509709 0.881617053489 -0.170851011359 -0.433180997752 -0.0517858445962
Dutch/CSTAUS_software7.nl,0.0117920437341 -6.60860350748e-06 0.0369264302376 0.0270059476648 0.0310244342577 0.0158683212867 0.259577117069 0.816374443599 -0.311267619014 -0.407208427646
English/CSTAUS_software8.en,0.0428250492968 0.00464683372262 0.0399095563806 0.00589663621934 0.055191787129 0.0230182010159 0.755955137254 -0.090704043813 0.538467855527 -0.351137983697
Dutch/CSTAUS_software8.nl,0.0305284307073 -0.00344359505737 0.0703336869353 0.0558447151186 0.0644929176523 0.0395678951019 0.981116669986 0.00827543104192 -0.106289987515 -0.10634743893
English/CSTAUS_software9.en,0.0440780650101 0.00733849730217 0.0436835496273 0.0240166405775 0.0382504441592 0.0198660996679 0.420338101167 0.0193554157971 0.81818522021 -0.383633490108
Dutch/CSTAUS_software9.nl,0.0483508674397 -0.00194646748976 0.105186316445 0.0707490167955 0.112332957864 0.0447458704464 0.9594593383 -0.213819447265 0.0261359698113 0.00196651857491
English/CSTAUS_undef10.en,0.0371110062679 0.00918751022566 0.0248136085982 0.0444978668212 0.997222148393 -0.00760994670231 -0.0281541841855 -0.0067668186717 -0.0242973857596 0.00196268561032
Dutch/CSTAUS_undef10.nl,0.0262055657014 -0.00893938876909 0.0439535020574 0.980697338098 -0.183001571904 -0.0116205344574 -0.0429675561228 -0.00301852695455 -0.00668554560957 -0.00308954932123
English/CSTAUS_undef11.en,0.0368779773783 0.00714746471693 0.0249023199537 0.0444285380759 0.997130638561 -0.00712138956584 -0.0315064725759 -0.00864582163246 -0.0244777692627 0.00284854650959
Dutch/CSTAUS_undef11.nl,0.0273980737403 -0.00917215258385 0.0456666172211 0.981003428748 -0.180278371576 -0.0112762738881 -0.0453236136696 -0.00308041077542 -0.00387599135764 -0.00242120272333
English/CSTAUS_undef12.en,0.0367459803752 0.00716029828008 0.0247658301212 0.0442781242241 0.996819737968 -0.00782401383305 -0.035865504181 -0.00842223464258 -0.0303481804987 0.00595640388771
Dutch/CSTAUS_undef12.nl,0.0236389852828 -0.00918943202992 0.0390347262676 0.979430820756 -0.190342593319 -0.0126858192482 -0.044076009419 -0.00909735736768 -0.0114313037788 -0.000972701145412
English/CSTAUS_undef1.en,0.0392900991225 0.00697289251966 0.0246391229636 0.0443553705323 0.997501898089 -0.00736090581032 -0.0242519551387 -0.00881743085439 -0.0092469017094 -0.0041895552159
Dutch/CSTAUS_undef1.nl,0.033119342498 -0.0153805721177 0.038351762813 0.979477889229 -0.189701539016 -0.0124856558232 -0.0381988026777 -0.0103951526979 -0.0103723320063 -0.00118129227862
English/CSTAUS_undef2.en,0.0631502880745 0.00516092651025 0.0222275403871 0.0445022305693 0.995635137488 -0.00595112804426 0.0230309709269 -0.014516285287 0.0262046440145 -0.027537600157
Dutch/CSTAUS_undef2.nl,0.0482338268793 -0.0233187063414 0.0436259246112 0.980643359363 -0.181243417175 -0.00959207533336 0.0175867612273 -0.0112564059591 -0.0122179238477 -0.00621720445253
English/CSTAUS_undef3.en,0.0923446684225 0.00182308689763 0.00991534849101 0.0438075209835 0.994100161764 -0.00760916332718 -0.0291411539079 -0.00887601353373 -0.0151446452769 -0.00115922547467
Dutch/CSTAUS_undef3.nl,0.0414012158295 -0.0184050409371 0.0399354989036 0.979639232498 -0.185987417652 -0.012063722355 -0.0424307629841 -0.00719481918681 -0.00823018782065 -0.00161241722913
English/CSTAUS_undef4.en,0.106544716996 0.000141723373735 0.00623580214964 0.0439642061951 0.992831789136 -0.00748287862557 -0.0269021680866 -0.00710298139441 -0.0110727369317 -0.00295415856058
Dutch/CSTAUS_undef4.nl,0.0602940594815 -0.0295978529354 0.0448502310156 0.980770393975 -0.176378386604 -0.0098945845538 -0.0157170723265 -0.00999046676695 -0.00266501341865 -0.00230400159596
English/CSTAUS_undef5.en,0.0725117855933 0.00358657669888 0.0157635337778 0.0440702345653 0.995926693278 -0.00712889677492 -0.0213245002365 -0.00907519418489 0.00169879311789 -0.00881611786438
Dutch/CSTAUS_undef5.nl,0.0373019045565 -0.0152749608754 0.0460009013687 0.981713579159 -0.179143278032 -0.0101143008268 -0.0103796363248 -0.0128462156455 -0.0051862977221 -0.00182650442982
English/CSTAUS_undef6.en,0.0448985750274 0.00649380363353 0.0229161298874 0.0443988002786 0.996964745962 -0.00765911707841 -0.0295388339717 -0.00781704086576 -0.0218087096138 0.00623783453261
Dutch/CSTAUS_undef6.nl,0.032769231656 -0.014299543465 0.0406418935236 0.979860634416 -0.186394057667 -0.0121651926887 -0.0440740799656 -0.00678451679376 -0.00779605408484 -0.0017334438174
English/CSTAUS_undef7.en,0.0400644438276 0.00695552992771 0.0243385157739 0.0446370782288 0.99705532318 -0.00767528803667 -0.0267997222771 -0.0094152100796 -0.0270938960455 0.00651542906821
Dutch/CSTAUS_undef7.nl,0.0280756882619 -0.00972939883437 0.0455021278158 0.98126734327 -0.18070508613 -0.0110940651104 -0.0363354900373 -0.00605049434825 -0.00471355325469 -0.00213344497385
English/CSTAUS_undef8.en,0.0418950202558 0.00737491705271 0.0298205226166 0.0493875726748 0.996448239299 -0.00780914169515 -0.0339830238278 -0.00684315945089 -0.0260177777229 0.00365324236205
Dutch/CSTAUS_undef8.nl,0.031039887226 -0.0120851479315 0.046294893319 0.9805172149 -0.183031453913 -0.0116318602324 -0.0401713517797 -0.00636751113747 -0.00627152225409 -0.00195467384386
English/CSTAUS_undef9.en,0.0386854176512 0.00768909981247 0.0303990793537 0.0447798863924 0.997277780737 -0.0073440605782 -0.0251147140297 -0.00662747225758 -0.00895146110263 0.0119693722241
Dutch/CSTAUS_undef9.nl,0.0277761384079 -0.00904028560832 0.049387234939 0.981248215597 -0.179874478309 -0.0109746402524 -0.0365141527492 -0.00550681823726 -0.00390959365666 -0.00233147766892
English/D_CKTAUS_electronics1.en,0.0842594002619 0.0424375823579 0.206629225361 0.0289359534685 0.0445075292755 0.0319035828929 0.578632571046 -0.0329208205158 0.273833326864 0.730536512798
Dutch/D_CKTAUS_electronics1.nl,0.0761158997361 0.00810585104814 0.186324979976 0.0692719956341 0.0944058917205 0.0686606918311 0.343845205544 0.653767096505 0.0090560181753 0.628709265986
English/D_CKTAUS_finance1.en,0.044269056191 0.0379938164197 0.0531040559628 0.960433966914 -0.011759418806 0.0171879972037 0.136108916632 -0.0854637518134 0.0813009320582 0.196137788869
Dutch/D_CKTAUS_finance1.nl,0.0838962713684 0.0124003604074 0.171855817278 0.205626831861 0.913582913544 -0.057958236704 0.0673017997941 0.170914908802 -0.0848013380157 0.205098094679
English/D_CKTAUS_hardware1.en,0.281471532075 0.100630069866 0.943363689667 0.00222249096395 0.00380003927384 0.0121554458492 0.0771760909138 -0.00711790732615 0.0607371252531 0.104160299832
Dutch/D_CKTAUS_hardware1.nl,0.148034561996 -0.00935975037542 0.964050813057 -0.0229032392257 -0.0647624846798 0.0259083554651 0.0787345048383 0.129469958814 -0.0184896328607 0.141105470087
English/D_CKTAUS_industrial1.en,0.0295672323735 0.0203434356227 0.0514748627574 0.0190004722103 0.0258923271746 0.0178782521227 0.261336661919 -0.00603986041875 0.320467629451 0.907567279682
Dutch/D_CKTAUS_industrial1.nl,0.033002446562 0.00572031363532 0.0635267080627 0.0340141523105 0.0338875035444 0.0374712467897 0.152184251592 0.484854225375 0.076488343492 0.852665773395
English/D_CKTAUS_legal1.en,0.110884898415 0.0832926940314 0.135353882385 0.256095130871 0.098756930045 0.0819057210727 0.546514333254 0.3642059366 0.227261705255 0.630419094836
Dutch/D_CKTAUS_legal1.nl,0.120050198837 0.0206278590731 0.197427204241 0.159436109356 0.300244859565 0.111069789311 0.347608546961 0.627898807256 0.368533351314 0.409116301741
English/D_CKTAUS_pharma1.en,0.0859518075656 0.0670389911101 0.106807768433 0.0721732001714 0.0847300568441 0.710122178219 0.37901995584 -0.0300229076053 0.203933655276 0.523356534339
Dutch/D_CKTAUS_pharma1.nl,0.0500735985603 0.0120877470071 0.0809528601652 0.0694130442429 0.127546481801 0.941159337346 0.0746307958272 0.19016372298 -0.0393594972468 0.201605590894
English/D_CKTAUS_software1.en,0.151497048599 0.126095709795 0.150945991137 0.0479384671815 0.0742723109115 0.639390498025 0.573021740638 -0.0443886837176 0.417607334023 0.13041850449
Dutch/D_CKTAUS_software1.nl,0.136975814223 0.0585382666661 0.210991159842 0.123432154597 0.173603378809 0.56731256718 0.587574721376 0.384261737758 -0.0388262046556 0.267708496032
English/D_CKTAUS_undef1.en,0.138984890471 0.200044904448 0.143421666315 0.120437113714 0.0955215982225 0.0849888016025 0.542942068171 0.207768492968 0.271031020553 0.691253384375
Dutch/D_CKTAUS_undef1.nl,0.234826436286 0.118121086617 0.287803450647 0.173465761882 0.311363293556 0.142246582284 0.392633566402 0.57742837647 0.313137037413 0.339355439922
English/D_CSTAUS_business1.en,0.956820201562 -0.0796016410852 -0.226513948618 0.0126750086051 -0.00740454400478 0.0142924698252 0.0890003195966 0.00228503272223 0.0349275418174 0.131469169206
Dutch/D_CSTAUS_business1.nl,0.822751088578 -0.522357968439 -0.064389687226 0.00925633835573 0.0119859636032 0.0323830567398 0.0766395874462 0.14600094068 -0.0041570689424 0.132633251784
English/D_CSTAUS_electronics1.en,0.111153105776 0.0938685753053 0.137598729064 0.0895389536961 0.10674996674 0.0805877295935 0.544723127822 0.00636805474723 0.298042953021 0.740540117527
Dutch/D_CSTAUS_electronics1.nl,0.123831795385 0.0236946175404 0.192142709311 0.135061315782 0.126060516407 0.143337394779 0.411046499222 0.616966639862 0.0230019315707 0.585124654385
English/D_CSTAUS_hardware1.en,0.280526184488 0.098790509695 0.948213204419 -0.00125221456453 -0.0116061674281 0.00919481595879 0.0421841673891 -0.00418921978158 0.0365125319482 0.0953214542554
Dutch/D_CSTAUS_hardware1.nl,0.141436695229 -0.0108643731239 0.972251386768 -0.0350384327066 -0.0833565059112 0.0165276642291 0.0317322199916 0.10396916638 -0.0251069274349 0.117084695369
English/D_CSTAUS_industrial1.en,0.0708016613435 0.04805136453 0.0756095252968 0.0494186460359 0.0983117789864 0.049892333263 0.667306368139 0.0867339821608 0.713141506669 0.104753788792
Dutch/D_CSTAUS_industrial1.nl,0.0501181401777 0.00132825817969 0.0944535451423 0.0772044908561 0.0725204367753 0.0638722236138 0.97076205533 -0.116635918466 -0.0170790298557 0.130349256431
English/D_CSTAUS_leisure1.en,0.0967696883027 0.969969368817 -0.069532540597 0.00992242426085 0.0251529975511 0.0132751146303 0.12044587655 -0.0129227592258 0.0627721545498 0.159494106637
Dutch/D_CSTAUS_leisure1.nl,0.552478645588 0.801271769767 -0.0064515670262 0.0266083625905 0.00627579456951 0.030436206235 0.0881859798444 0.15087954685 -0.0133507406046 0.14246358919
English/D_CSTAUS_software1.en,0.0733828758983 0.0393799986925 0.190191227104 0.0215344962093 0.0326680237673 0.0289482102365 0.898923879972 -0.157237910743 -0.333222399354 0.103428541468
Dutch/D_CSTAUS_software1.nl,0.055637901401 0.00624203686916 0.129831520518 0.0553704933041 0.0773544084065 0.0558529766951 0.297865584576 0.881429135005 -0.251393832786 -0.197484177785
English/D_CSTAUS_undef1.en,0.0544569807469 0.0205384393566 0.0470492973226 0.057845632512 0.987971402888 0.00588529129015 0.0558397938445 -0.0123041855174 0.0313287599903 0.103342923509
Dutch/D_CSTAUS_undef1.nl,0.0521652754626 -0.00932205822958 0.0712157275923 0.970402060201 -0.164855134422 0.015111169087 0.0320090802225 0.104465294062 -0.0153647630662 0.104215293345
