Dutch/CKTAUS_electronics1.nl,0.03170482645277923 2.4554912852332272E-6 1.7395319321112424E-6 3.287106368803011E-6 0.18072524506502435 0.03841554428954547 8.968494660724526E-6 0.017689820077282647 1.4845363748635985E-5 0.22719936261485943 1.575728577129435E-5 1.4993896817237384E-5 1.956440718643632E-4 0.4651667031472494 0.0194032692744563 3.873350050372896E-6 0.01940294875723832 1.0005391125019923E-5 1.128500008537924E-5 9.425337855640136E-6 
Dutch/CKTAUS_hardware1.nl,9.712556353930525E-6 1.3988841548579876E-6 9.910048027186496E-7 1.8726521418765919E-6 5.063497498919722E-6 3.4846379036317778E-6 5.109317695104086E-6 1.2238993676189861E-5 8.457347922982985E-6 4.328656251078875E-6 8.976866471321742E-6 0.9998931221981565 2.0491596157499494E-6 1.6256024140223276E-5 3.7077661595285067E-6 2.2066329635417076E-6 3.5251687052902325E-6 5.700033713057019E-6 6.429022127646701E-6 5.369579545946471E-6 
Dutch/CKTAUS_industrial1.nl,9.659713599376042E-6 1.3912732963618716E-6 9.856130786818377E-7 1.8624636710051648E-6 0.9977139785876714 3.465679160048442E-6 5.081519614859846E-6 5.562387936023346E-4 8.411334335602851E-6 7.659980489351402E-4 8.928026358139751E-6 8.495492684367744E-6 2.038010827040557E-6 8.866738016600032E-4 3.6875934501023112E-6 2.1946274152766432E-6 3.5059894472382144E-6 5.669021745509519E-6 6.394043979161715E-6 5.34036546845055E-6 
Dutch/CKTAUS_industrial2.nl,0.0020974242456739023 1.4048786777326428E-6 9.952514738516093E-7 1.8806768636248277E-6 0.979891489115723 3.4995703349919227E-6 5.131212232754555E-6 0.006385179019183998 8.493589498389483E-6 3.339793216272851E-4 9.015334296708275E-6 8.578570838894012E-6 2.0579407104158473E-6 0.008476883332400731 7.728652590768361E-4 2.216088865754898E-6 3.540274819951333E-6 5.724459597330971E-6 0.0019842492687417094 5.392589362237317E-6 
Dutch/CKTAUS_industrial3.nl,0.0016901649790875602 1.3431877545467752E-6 9.515480685703131E-7 1.7980927275209432E-6 0.9770976568908278 3.345897474736147E-6 4.9058908404389356E-6 0.0029532201718453915 8.12061965720498E-6 0.005466883473983171 8.61945363853589E-6 8.201869303697497E-6 1.967572578064212E-6 0.010941063117836547 0.0016843992688750785 2.118776143911198E-6 1.0843725998304848E-4 5.473087572901433E-6 6.173051403560972E-6 5.155790397749068E-6 
Dutch/CKTAUS_industrial4.nl,0.006033117834313259 1.5098954978865077E-6 1.0696480368388325E-6 2.021260322599076E-6 0.9803958921503031 3.7611685457917223E-6 5.514778159663046E-6 1.321024431234374E-5 9.128498245280488E-6 4.672165713440215E-6 9.689244261654412E-6 9.219832070375785E-6 2.2117749118302036E-6 0.011590451598880273 4.0020036055497195E-6 2.3817448825687957E-6 3.804915752976326E-6 6.152371667988348E-6 0.0018963931768892063 5.795693627533522E-6 
Dutch/CKTAUS_industrial5.nl,0.002160355261227492 1.5270266493330535E-6 1.0817841764188471E-6 2.044193377732897E-6 0.9432693723363307 3.8038424580354064E-6 0.0019164689057511674 0.006820911299790246 9.23206944351131E-6 0.008603737183878205 0.0016818292903349307 9.324439534753563E-6 2.2368695299897195E-6 0.019604383593651933 0.013260857589248337 2.408767966184473E-6 3.8480860174726605E-6 6.222175976264833E-6 0.0026344938335619906 5.8614510957887984E-6 
Dutch/CKTAUS_legal3.nl,2.4347784339451208E-4 1.0078687260738382E-6 7.13999615036384E-7 1.3492093123352373E-6 3.648151103857752E-6 2.510613586239747E-6 0.006230991415334536 8.817956027316283E-6 6.093354083323229E-6 3.118712329563357E-6 1.6412108114892998E-4 0.005996984435761326 1.4763795016732614E-6 0.08262210637279624 2.6713731389451983E-6 1.5898359747330867E-6 2.5398152376362525E-6 0.002999521820787508 8.345869698906627E-5 0.9016238010651512 
Dutch/CKTAUS_legal4.nl,0.0030848593070037394 1.9634167933462543E-6 1.3909339563161456E-6 2.628378233242334E-6 7.1069187451444185E-6 4.890895757852148E-6 7.171230105274116E-6 1.7178152768432274E-5 1.1870388896386206E-5 1.5963688345070048E-4 1.259956395975429E-5 1.1989156298662504E-5 2.8761169306538125E-6 0.014611145296877615 5.204069485052005E-6 3.0971401043634197E-6 4.9477831393752265E-6 8.00033503559993E-6 9.023513467058787E-6 0.9820324205189914 
Dutch/CKTAUS_legal5.nl,0.002988917937616612 1.1210711476798917E-6 7.941950644604068E-7 1.5007506365757094E-6 4.057906391086735E-6 2.7926022325057454E-6 0.02639590084820686 0.0015003755054342786 7.082211059077608E-4 3.4690017857850235E-6 7.086374500726471E-4 6.845564964608546E-6 1.6422044057260016E-6 0.06051251698492139 0.0020196210628954203 1.7684041529494042E-6 2.8250837730063186E-6 0.005090032350682755 5.152243086084559E-6 0.9000438077266218 
Dutch/CKTAUS_pharma10.nl,5.830354549772627E-6 8.397367592704363E-7 5.948906909599521E-7 0.430644519586931 3.03956904905286E-6 2.09179475674577E-6 0.5252211902143156 7.3469506754248675E-6 5.0768649514006865E-6 2.598450886482236E-6 5.388726959879264E-6 2.6783523767628383E-4 0.043610687858159504 9.758335586779792E-6 2.225736511577788E-6 1.3246206322866991E-6 2.1161250087663586E-6 2.0045235832493033E-4 3.859280404313417E-6 3.22330717014638E-6 
Dutch/CKTAUS_pharma11.nl,5.712179709653258E-6 1.9385980482530823E-4 5.828329144229428E-7 0.015186685653497694 2.9779603452704095E-6 2.0493963899173567E-6 0.979987958042662 7.198036108734051E-6 6.931965871286056E-5 2.5457831601121393E-6 1.3397089582380342E-4 5.023728750952587E-6 1.2989655070880097E-4 3.956347221175043E-4 2.1806232934779036E-6 0.0038620395440697778 2.073233494631371E-6 3.352322059566474E-6 3.7810570577120787E-6 3.157974297808021E-6 
Dutch/CKTAUS_pharma12.nl,5.878615702484887E-6 8.46687736887883E-7 5.998149387459876E-7 0.005629879267655475 3.0647292867028186E-6 2.109109728817571E-6 0.5910214043401311 7.407765554775549E-6 5.118889043182312E-6 2.6199597388131315E-6 5.433332510453464E-6 5.170105322573501E-6 0.3982515626968863 9.83911086724527E-6 2.2441601955519806E-6 0.005034096560362214 2.133641376138955E-6 3.449998792203653E-6 3.891225857949553E-6 3.2499883124763986E-6 
Dutch/CKTAUS_pharma14.nl,5.990078920316994E-6 0.33049896270344625 6.111879058797526E-7 0.04419802211676156 3.122838985544979E-6 2.1491001226505333E-6 0.5923086475179005 7.548222667039599E-6 5.2159472407844175E-6 2.6696362541456844E-6 4.778692845600379E-4 5.268134621468027E-6 0.02746404996447202 0.004463450453328231 2.2867112533837115E-6 1.3609090251958963E-6 2.1740969094686203E-6 3.5154135065441995E-6 3.965006587527644E-6 5.431206755315607E-4 
Dutch/CKTAUS_pharma15.nl,5.668049246097719E-6 0.4883786204111226 5.783301347492845E-7 1.0928414903529958E-6 2.9549535812736977E-6 2.033563412438854E-6 0.5112385781158334 7.142426396450117E-6 4.935535277429878E-6 2.526115258071562E-6 6.908729772052862E-5 4.984917038116912E-6 1.1958476421591192E-6 2.6488101139270895E-4 2.1637764991414858E-6 1.2877458672716407E-6 2.0572163593472104E-6 3.326423097349631E-6 3.7518458267690477E-6 3.1335768039015825E-6 
Dutch/CKTAUS_pharma16.nl,8.413327224910194E-5 0.011746552854252409 6.999304450470856E-7 1.3226235064515441E-6 3.5762652695436733E-6 2.4611426221406285E-6 0.5266221903429397 8.644200580263066E-6 1.6052019204260343E-4 3.0572589436114445E-6 6.340213616688506E-6 6.0330510055896534E-6 0.006106050069284433 1.1481363339459952E-5 2.3443909324015808E-4 0.45491037590557976 7.976322179252392E-5 4.025840361841378E-6 4.540712927603085E-6 3.7924460012703367E-6 
Dutch/CKTAUS_pharma17.nl,5.9803941074650205E-6 8.613467198420269E-7 6.101997318398818E-7 0.4080432967535823 3.1177899517101716E-6 2.145625438466085E-6 0.5741050361342476 7.536018633525557E-6 5.207514050914177E-6 2.665319962516112E-6 5.527401581239451E-6 7.262665415045103E-5 0.011521025089699462 1.0009458626168791E-5 2.283014078299689E-6 0.006199126121515819 2.170581810257016E-6 3.509729754733735E-6 3.958595929626828E-6 3.3062564278607918E-6 
Dutch/CKTAUS_pharma18.nl,6.082423057583525E-6 8.76041788416822E-7 6.20610088897204E-7 0.40835866253395176 3.1709812347170787E-6 2.1822310378463984E-6 0.5337456234220634 7.618094477808295E-5 5.296357224423247E-6 2.7107918482511944E-6 5.6217022193049696E-6 5.3493491351822576E-6 1.2832724198776518E-6 0.002545285447626813 2.321963606596482E-6 0.05502001684003655 2.2076131796395796E-6 2.0911867980140232E-4 4.026131844381853E-6 3.3626630569383162E-6 
Dutch/CKTAUS_pharma19.nl,7.665389651364951E-6 1.1040339673053624E-6 7.821254963569233E-7 1.4779433782269014E-6 3.996237438789659E-6 2.7501624033762754E-6 0.4577343536943401 9.659316461069557E-6 3.520664261370945E-4 3.4162825544799473E-6 7.084765003510928E-6 6.741531313123568E-6 1.6172474413708816E-6 0.0085612736872047 8.927418024526491E-5 0.5321639694368312 2.7821503143106106E-6 4.498607559565585E-6 5.0739432431417544E-6 0.0010404128390157736 
Dutch/CKTAUS_pharma1.nl,5.592351735632652E-6 0.002898615762839507 5.706064630720162E-7 0.004662773085334827 2.9154898045966955E-6 2.00640491733572E-6 0.59481000496303 1.3303879079589473E-4 4.869620583133393E-6 2.4923786711293287E-6 5.168751970342267E-6 4.9183428441964676E-6 0.38383505357013414 9.3599873712212E-6 2.1348789918905397E-6 0.01360837980729281 2.029741976163648E-6 3.2819982985714237E-6 3.701739453940566E-6 3.091727491623688E-6 
Dutch/CKTAUS_pharma20.nl,3.4979062965058053E-4 8.788719924693115E-7 6.22615076800563E-7 1.1765245273652309E-6 3.1812256363649534E-6 2.1892811114940753E-6 0.5825553129016359 7.689349200687936E-6 5.3134680196823225E-6 2.719549528736096E-6 5.639864097668923E-6 5.3666311299463824E-6 0.006325156853740734 1.0213114700121575E-5 2.3294651104014536E-6 0.41043426025889934 2.214745254672937E-6 2.7853198500993006E-4 4.0391389575270135E-6 3.3735267197643816E-6 
Dutch/CKTAUS_pharma21.nl,6.343643716819937E-6 0.01257768292282977 6.472633116368439E-7 0.008147539552164637 3.3071647590653783E-6 2.275950896678261E-6 0.5864666626548241 7.945267323692012E-5 5.523818864729639E-6 2.8272117070720957E-6 5.863136388854672E-6 0.0010774628301750448 0.0035742841967619653 1.0617433931888436E-5 2.421684533321869E-6 0.3866656369991813 2.3024231204583865E-6 3.722911016610264E-6 4.199041358337951E-6 0.0013612264872208942 
Dutch/CKTAUS_pharma2.nl,6.015651432816063E-6 0.0030502553559515005 6.137971553688333E-7 0.004744653754681394 7.090036930698614E-5 2.158274941626929E-6 0.8801923384843999 7.580447120350877E-6 5.238214873278713E-6 7.044523178763706E-5 5.5599882958260965E-6 5.290625049431727E-6 0.0100981347570237 0.0013653524386530347 2.2964735541625168E-6 0.10036014465382742 2.1833784433400693E-6 3.530421314793701E-6 3.981933773607703E-6 3.3257484139199637E-6 
Dutch/CKTAUS_pharma3.nl,6.673652987631213E-6 2.26490259658262E-4 2.2620999922446836E-4 0.0052636315549257845 3.4792102079133526E-6 2.394350499389805E-6 0.3428076879080508 8.409608524912167E-6 5.81117917640818E-6 1.533269983246987E-4 6.16814868947028E-6 5.869322061276446E-6 0.6512541683624302 1.1169774477190354E-5 2.547665496732141E-6 1.5162128417186605E-6 2.422199862185993E-6 3.916584432825183E-6 4.417484045006704E-6 3.689524083392046E-6 
Dutch/CKTAUS_pharma4.nl,2.0796942312434848E-4 8.608827588760077E-7 6.098710501945846E-7 0.0018190826957688428 3.1161105666210807E-6 2.1444697059042565E-6 0.46983711858144583 7.531959387226008E-6 5.2047090442960944E-6 2.6638842985772212E-6 5.5244242684824254E-6 5.256783982884096E-6 0.48794720711928324 0.0021645880706153424 2.281784341896447E-6 0.037975901039295976 2.1694126350453253E-6 3.507839252837157E-6 3.956463647760211E-6 3.304475526058021E-6 
Dutch/CKTAUS_pharma5.nl,6.6586358285747475E-6 9.590328039428465E-7 6.794030165911613E-7 0.4632456993716739 3.4713812343092486E-6 2.3889626941873314E-6 0.5121526072780269 8.39068509136606E-6 5.798102769504873E-6 2.9675962282940717E-6 6.154269024146748E-6 5.8561148203379125E-6 0.01665300138502805 8.615183170975831E-5 2.541932699708082E-6 0.007577239156171701 2.4167493899087545E-6 2.2892934617788158E-4 4.407543752837451E-6 3.6812218581930967E-6 
Dutch/CKTAUS_pharma7.nl,6.567017154931622E-6 0.3894800552349015 6.700548550680307E-7 0.013094865858256855 3.423617194859576E-6 2.356092058360533E-6 0.574272462433634 8.275234500761731E-6 9.673951378216119E-4 2.9267639561373826E-6 6.0695901229796925E-6 5.775538334950507E-6 0.0034782170681835808 0.004893350502908342 2.506957292067086E-6 0.01376086793037485 2.3834964264892688E-6 3.8540027788035204E-6 4.3468987013501635E-6 3.6305705427109695E-6 
Dutch/CKTAUS_pharma8.nl,6.779146715946985E-6 0.34173302863928995 6.916991478890191E-7 0.012143295070950307 3.5342078017509894E-6 3.0789101683327465E-4 0.6098520956338425 2.376366565995278E-4 5.903039355288694E-6 3.021305075577701E-6 6.265651661720149E-6 5.9621013334498166E-6 0.01176159474714578 0.010320581436412905 2.587937703310734E-6 0.013594457565933266 2.4604887715226846E-6 3.97849581701732E-6 4.487313396719612E-6 3.7478462125152165E-6 
Dutch/CKTAUS_pharma9.nl,5.341529613994678E-4 0.02215443965383843 6.825258718720703E-7 0.4275483102513541 3.4873373324643654E-6 6.052156227502302E-4 0.4907708337736405 8.42925261992884E-6 5.824753572358016E-6 2.981236694007091E-6 8.15345168420647E-5 5.883032273816496E-6 0.05644002927025117 0.0018196429038588038 2.55361661597155E-6 1.5197545796057437E-6 2.4278579049000147E-6 3.925733224533063E-6 4.427802893506926E-6 3.6981424823871656E-6 
Dutch/CKTAUS_software11.nl,2.513684672180028E-4 0.13918634812239947 5.568552656054087E-7 0.10371396887890208 2.8452286375586524E-6 1.958052029659484E-6 0.5702702180667206 3.7574354052383874E-4 8.654403710055275E-4 2.4323141722385505E-6 5.044188836904499E-6 4.799814387131856E-6 0.08324198671245975 0.018636884113303595 4.3242748232753966E-4 0.06762673386998384 1.9808266824773134E-6 3.2029045455042956E-6 3.612530246727917E-6 0.015372447660352019 
Dutch/CKTAUS_software1.nl,0.03920713877400311 0.07098304590463281 7.0730903357429E-7 0.046619909003952305 2.378781489613288E-4 0.03951504597108498 0.3179782312008719 0.2384115856645946 0.037175953308241055 0.04162402601952508 0.010157854985903311 0.009689016219012298 0.04170048713732186 0.021720083366133132 0.004687930002917065 0.03459458597651911 0.01694762526017817 4.068280321006521E-6 0.02296247852470965 0.005782348942083795 
Dutch/CKTAUS_undef1.nl,3.383330334854485E-4 1.057990889955265E-6 7.495074195651929E-7 1.4163066321683957E-6 0.0012450320429885492 2.635468522559327E-6 8.661106212501634E-5 9.256480435968272E-6 0.015976534780763697 3.2738085305243038E-6 8.953613019265153E-5 1.719540419414222E-4 1.549801102542168E-6 0.9534212823420684 2.8042227837399548E-6 1.6688998619325414E-6 3.336534467289971E-4 5.835388133989648E-4 8.760916855306823E-5 0.02764150265157499 
Dutch/CKTAUS_undef5.nl,7.1309267344740305E-6 1.0270561173394955E-6 7.275924467443383E-7 1.3748950056257623E-6 3.717603107690273E-6 2.558409617557945E-6 3.7512441441016294E-6 0.020251486255660724 8.653673950502495E-5 3.1780850952463137E-6 6.590785657191735E-6 0.0020947834324682867 1.5044862088488601E-6 0.03190190602992673 2.722229644666117E-6 1.620102619690167E-6 2.5881671980119286E-6 0.8148451545154749 4.7201667713370064E-6 0.1307769212765957 
Dutch/CKTAUS_undef6.nl,4.711821119696083E-5 6.786361555782041E-6 4.807629617799162E-6 9.084736901801813E-6 2.456438200771226E-5 1.690491140592577E-5 2.4786668046755663E-5 5.937463504544901E-5 4.1028859043893766E-5 2.099947037680149E-5 4.354918261158744E-5 4.1439367161996554E-5 9.941021913568179E-6 0.002201942660512141 1.798736631297987E-5 1.0704967283742718E-5 1.7101537176004553E-5 0.9973446398562935 3.1188907570950976E-5 2.604926796459714E-5 
Dutch/CSTAUS_business10.nl,1.0905737041519406E-5 1.5707360851765358E-6 1.1127490427336072E-6 2.102706134753026E-6 1.2853483823723513E-4 3.912723208709162E-6 5.736993764966705E-6 0.010455932505415313 0.0066433581840896466 0.0025846955952049306 0.9702738008936738 9.591341223600152E-6 2.3008974271151753E-6 0.007266361390407501 4.163262613235533E-6 2.477716264451409E-6 3.958233190722312E-6 0.00221768756447787 1.3006811660205907E-4 2.5172781589472606E-4 
Dutch/CSTAUS_business11.nl,0.003336563496331838 1.6352203850076055E-6 1.1584313464544802E-6 2.189029696126358E-6 5.9189564060142785E-6 4.073354405081039E-6 5.972517752452809E-6 0.017663498476608152 2.656715728211187E-4 5.059966486054991E-6 0.9702044689965225 0.002823624364505913 2.395357445555482E-6 0.0019373928261380217 4.334179342761862E-6 2.5794353247066813E-6 4.120732733631293E-6 0.0020529461345750685 0.0016701202013070318 6.276749866641336E-6 
Dutch/CSTAUS_business12.nl,0.0037312125789856535 1.698430488498955E-6 1.2032109773643962E-6 2.2736475218985957E-6 6.147756053092558E-6 0.0011997587491392274 1.390398253435101E-4 0.009047737508577893 0.004925216527416407 5.255561531333741E-6 0.9756945326040255 1.0371077938232065E-5 2.487950953696975E-6 0.0034734843398057744 4.501718793295787E-6 2.6791444375081305E-6 4.28002131940306E-6 6.920595254516095E-6 0.0017346793712730544 6.519380164243619E-6 
Dutch/CSTAUS_business13.nl,0.0031662196815225047 1.6805712011913004E-6 1.1905590079832614E-6 2.249739729024593E-6 6.083111345880203E-6 0.0031587376749856568 6.138158150058348E-6 1.4703505098930229E-5 1.0160366252245643E-5 0.0015824759739677208 0.9838364871318991 1.0262024278489617E-5 2.461789723555201E-6 0.0015968051025884856 1.3589402208008026E-4 2.6509727751574094E-6 4.235016162616419E-6 0.004607235211076814 0.0013221200018669215 5.322093862877201E-4 
Dutch/CSTAUS_business14.nl,9.854879801869911E-6 1.4193827763261237E-6 1.005526542959604E-6 1.900093147098157E-6 5.137695721963964E-6 1.145474565177521E-4 5.184187346768001E-6 0.010558535186143312 0.0023398281602408856 0.0030017095063235074 0.9763575049974906 3.417024056808833E-4 2.079187082388396E-6 0.007232258391611791 3.7620981031226893E-6 2.2389679740439497E-6 3.576824947624609E-6 5.78355945250714E-6 6.5232301366138775E-6 5.448262958131219E-6 
Dutch/CSTAUS_business15.nl,1.0498193224888636E-5 1.5120381928070961E-6 1.071165975940287E-6 2.0241286960941174E-6 0.001542833003480467 0.0047341047393398734 5.5226041894561155E-6 0.017042446630920836 0.005567288876654826 2.411957076563857E-4 0.9519902724487792 9.232915947619957E-6 2.2149136448588784E-6 0.004274875364145024 4.007682854749278E-6 2.3851248202328003E-6 3.810315314514579E-6 4.791949258390933E-4 0.006629422584548486 0.007456086635774855 
Dutch/CSTAUS_business16.nl,6.422741398747523E-4 1.6137560734177316E-6 1.1432254869851707E-6 2.1602959450626295E-6 5.84126270444941E-6 0.008081712198431871 5.894120991263886E-6 0.018819996345715906 9.756416589839894E-6 4.9935481009328545E-6 0.958226606232971 0.0011457795143183453 2.3639153848694004E-6 0.00708673376084848 4.277287821134334E-6 2.545577011758134E-6 6.351363548323613E-4 6.376452842551152E-4 0.004677332402963873 6.194359678661468E-6 
Dutch/CSTAUS_business17.nl,1.0272244193934472E-5 1.479495110667924E-6 1.0481116361057915E-6 1.980564064770251E-6 5.355282470328293E-6 5.822515379813239E-4 5.403743063715666E-6 0.011237126553218712 0.00544746601763754 4.578095860899567E-6 0.9739676621525795 0.006488974487461952 2.1672428141756935E-6 0.0016371778526142286 3.921426864027424E-6 2.333790592495527E-6 3.72830719802237E-6 6.028499200469044E-6 6.799495706057806E-6 5.842450997312474E-4 
Dutch/CSTAUS_business18.nl,1.0499434871843699E-5 1.5122170252573872E-6 1.071292665356637E-6 2.0243680947390385E-6 5.4737249675917154E-6 3.7669514994714764E-6 5.523257361342836E-6 0.008765391304261278 4.8223230388959684E-4 4.679349363302222E-6 0.9767035347138351 0.002966045071679146 2.2151756081056915E-6 0.005812922717236577 4.008156853189472E-6 2.3854069147710744E-6 3.8107659698137095E-6 6.161831196308719E-6 0.0052109373519588905 5.804604748474266E-6 
Dutch/CSTAUS_business19.nl,0.004183682298145779 1.5244776767513914E-6 1.079978419979579E-6 1.2127214503485874E-4 5.518104466751401E-6 0.00417689522959751 5.568038455913301E-6 0.015751877860834568 0.0038246203038604 3.624113799912498E-4 0.9564837840634021 9.308874815746312E-6 2.2331356599205958E-6 0.011940851900234344 4.040653917757235E-6 2.404747156525341E-6 3.841662641852662E-6 0.0029869958872925967 1.2623759146314554E-4 5.851666932468241E-6 
Dutch/CSTAUS_business1.nl,0.0016778152692487373 1.9346000516794953E-6 1.3705194500174735E-6 2.5898019631367948E-6 7.002611680939046E-6 4.819112894401709E-6 7.065979153934145E-6 7.734638490246147E-4 0.002583924747472365 5.9863560381024545E-6 0.9748870458176534 3.1442832030476124E-4 2.8339046408970413E-6 0.017422851216467965 5.127690222903074E-6 3.051683894252732E-6 4.875165349289239E-6 7.882915449116975E-6 8.891076860940333E-6 0.002277039362178693 
Dutch/CSTAUS_business20.nl,0.0015626317039705501 1.4181233494168642E-6 1.0046343331855386E-6 1.898407182973843E-6 5.133137013522696E-6 3.532562977600475E-6 5.179587386027276E-6 0.005890809828719236 0.0044451038594979266 4.388189314988273E-6 0.9759348301065254 1.1957270129230548E-4 2.0773422071337286E-6 0.011551458105782902 1.1467201486097339E-4 2.23698132423918E-6 3.3631341587989983E-4 5.7784276652773104E-6 6.517442035119079E-6 5.443428681505745E-6 
Dutch/CSTAUS_business21.nl,1.0020628530139694E-5 1.443255303930108E-6 1.0224384433670996E-6 1.9320507182768424E-6 5.224106368189304E-6 0.009936934622038904 5.27137993329514E-6 0.003850508354901083 0.0018147873252942679 4.465956720979534E-6 0.9697515259024578 8.81290894339428E-6 2.11415682546689E-6 0.011981930537338394 3.8253726421079775E-6 2.2766250639116657E-6 3.636983386715862E-6 5.880832848367721E-6 0.001699815805672574 9.085707565689786E-4 
Dutch/CSTAUS_business2.nl,1.3157340419159033E-5 1.895030964220419E-6 1.3424877108809904E-6 2.536831789641718E-6 6.859384684845215E-6 4.72054580327184E-6 6.921456079573994E-6 0.0044629642605436785 0.005198905436652434 5.8639148930052E-6 0.9764381800185067 0.0032722534840715196 2.775941745419504E-6 0.005950534165324729 5.02281168601016E-6 2.9892666794882068E-6 4.775451796652861E-6 6.005729396798657E-4 0.00401045520511838 7.274025850586737E-6 
Dutch/CSTAUS_business3.nl,1.7089372300956883E-4 2.006869843168856E-6 1.4217171923099384E-6 2.6865477725417666E-6 7.264204399094451E-6 4.999137847745296E-6 7.329939055971608E-6 0.007865552176646256 0.007389247313935675 6.209985052419474E-6 0.9816399489536872 3.2617424635652983E-4 2.9397692599538647E-6 0.0020637996487835354 5.3192425300114745E-6 3.1656839732549127E-6 5.057284223401448E-6 8.177393191605078E-6 9.223215935524877E-6 4.7858294730431373E-4 
Dutch/CSTAUS_business4.nl,1.3842591323609546E-5 1.993726569929827E-6 1.4124061661909504E-6 2.6689531928213067E-6 7.216630101435616E-6 4.966397789930316E-6 0.0021903288790205834 0.008281835341580652 0.00437814752471806 6.16931498573226E-6 0.9753669826040374 0.0014155615576645162 2.920516297050071E-6 0.00813162859465444 5.284406061550613E-6 3.144951463077169E-6 5.024163356783291E-6 8.123838291935784E-6 1.6509473642168908E-4 7.652866302708258E-6 
Dutch/CSTAUS_business5.nl,1.1659135556077503E-5 1.6792468835599462E-6 1.1896208279856974E-6 2.649200929806254E-4 6.07831775450893E-6 4.1830249629230865E-6 0.0010568218255143204 0.0015907246749962192 0.002111529368384063 5.196200481922255E-6 0.9795151341643938 1.0253937635284166E-5 2.4598497929332316E-6 0.00842502207218198 4.450872323297817E-6 2.6488837651922905E-6 4.231678900518124E-6 6.842427813337652E-6 0.005392496103943428 0.0015824785009080835 
Dutch/CSTAUS_business6.nl,1.1826891674253319E-5 1.7034085323622892E-6 1.2067375491391755E-6 2.2803115079553785E-6 6.165774923750268E-6 4.243211931900108E-6 6.221569760559241E-6 0.006276514818003402 1.0298435766204105E-5 5.2709654092119296E-6 0.988945871752523 1.0401475226337863E-5 2.4952430560592412E-6 0.0010856010268574217 2.709664666528742E-4 2.686996921678919E-6 4.292565921026894E-6 0.003204359520930898 1.4105433859905203E-4 6.5384882529402814E-6 
Dutch/CSTAUS_business7.nl,0.0043652418811498455 1.6867790709214073E-6 1.1949568194073332E-6 2.258050053011182E-6 6.105581779005673E-6 4.201787735727292E-6 6.160831920828277E-6 0.0129434240004976 0.0011975243837830476 5.2195078085463076E-6 0.9732227674471451 0.007530034343227954 2.4708833399969876E-6 6.792273924787326E-4 4.47083651354836E-6 2.660765215748187E-6 4.250659908399867E-6 6.8731192195876205E-6 7.75213582464659E-6 6.474656508400914E-6 
Dutch/CSTAUS_business8.nl,7.628077408853595E-4 1.6018278658306819E-6 1.134775244007194E-6 2.144327944131984E-6 5.798086542167585E-6 3.990173222695374E-6 5.850554122711017E-6 0.009410091212198142 0.0033922718921331764 4.95663788920693E-6 0.9689337024434438 0.0035176498088466544 2.346442314500578E-6 0.0052804172928707606 4.245671904775924E-6 2.5267611748883365E-6 4.036584047562828E-6 0.006521140106507991 7.361715234491308E-6 0.0021359259456072456 
Dutch/CSTAUS_business9.nl,1.1533411073360735E-5 1.6611389848419089E-6 1.1767927360136788E-6 2.2237262943583096E-6 6.0127731563010955E-6 4.1379179610252755E-6 3.9582664629609883E-4 0.009238840777547433 1.0042883318429607E-5 5.140168058717281E-6 0.9823344259617088 0.0019589406800584025 2.43332438362737E-6 0.003916898239256418 4.402877030868672E-6 5.222996037164319E-4 4.186047246418881E-6 0.0015658064948899755 7.634298561148101E-6 6.376237721333618E-6 
Dutch/CSTAUS_electronics1.nl,9.041841711755627E-6 1.3022821840503726E-6 9.22569531155972E-7 1.7433334367399647E-6 4.713830347514515E-6 3.244001187665888E-6 4.756486363706683E-6 1.1324698029292964E-4 3.1343281765543196E-4 4.0297346260459775E-6 1.1021012400554318E-4 7.952088778324942E-6 1.9076519314335764E-6 0.0021540499698282957 0.9964329947181606 2.0542507291823394E-6 3.2817330761298353E-6 5.306409631721239E-6 5.985056695813295E-6 8.198241198261677E-4 
Dutch/CSTAUS_electronics2.nl,0.007047924289690482 1.3635281132526292E-6 9.659576914804874E-7 1.8253218702378558E-6 0.006296889695550006 3.3965655623499356E-6 0.001497986257924426 0.006623813708252291 8.613899218641186E-4 4.2192518018419935E-6 8.749981018839069E-6 0.004167414426168285 1.9973682130245173E-6 0.02720988439377441 0.9412373013502499 2.1508615069877115E-6 3.436071969883431E-6 5.5559684390234825E-6 0.003418851847436507 0.0016048832329028885 
Dutch/CSTAUS_electronics3.nl,0.028814791380607482 2.092253817636211E-6 1.482205352447077E-6 2.800849219243378E-6 0.19850030673178107 5.2118303947002495E-6 7.641797511233517E-6 0.029473121540202433 1.7628717704753233E-4 0.02586125728362689 0.010486249861965261 0.00786739351761318 3.0648442289590655E-6 0.10000705060773316 0.5522833488902389 3.300370674768804E-6 0.017678162157410277 0.0014812661161957665 0.018500694670485374 0.008844475913893722 
Dutch/CSTAUS_hardware10.nl,0.0030544735909176068 1.08216830949884E-6 7.666353131093578E-7 1.4486723547595712E-6 0.0071981282402369855 2.6956947766497543E-6 3.952537223044469E-6 0.0055955613743187485 6.542553129131088E-6 3.348622258222061E-6 6.9444495315291255E-6 0.09420845517960008 1.5852174674853874E-6 0.00407518891668116 2.8683054439781728E-6 1.707037895559526E-6 0.635970992641992 3.4296062446213094E-4 0.2495171436638739 4.153874214513742E-6 
Dutch/CSTAUS_hardware11.nl,0.0041278537491474905 1.1705404853331576E-6 8.292403904307149E-7 1.566974033839802E-6 4.236969015115068E-6 2.915830970536329E-6 4.2753098559155344E-6 0.010629980868931336 0.002936660191860507 3.6220779050089775E-6 0.0083385142277363 0.056767825235600436 1.7146697121525097E-6 0.005415021828812044 9.465201738952386E-5 1.8464382566106566E-6 0.4488700501654311 4.625170016690458E-4 0.4617809566943662 5.537899684312458E-4 
Dutch/CSTAUS_hardware12.nl,1.0041030090214241E-5 1.44619370841217E-6 1.02452008318262E-6 1.935984288778677E-6 1.1834341626497593E-4 3.602486592493035E-6 5.282112231579766E-6 0.026140756568531952 8.743371145920511E-6 0.005659908741483271 0.17985207187374494 0.03891821465445926 1.1522713500142046E-4 0.004767370096149719 3.833160932985217E-6 2.2812601726644665E-6 3.644388125333908E-6 0.04321340621491138 0.6953987732499595 0.0057740935421221285 
Dutch/CSTAUS_hardware13.nl,7.963119949251357E-6 1.1469155919731971E-6 8.125039203648189E-7 1.5353479645913248E-6 4.151454722866508E-6 2.8569810660710555E-6 4.189021734579821E-6 0.00727587597021961 0.004671424826199735 3.5489738942383023E-6 0.014180235912064918 0.10038325786550352 1.6800627168330547E-6 0.008355590408358387 3.039919213457337E-6 1.8091717908585023E-6 0.3569261400819525 0.0058352868687655875 0.5023350521894381 4.402404932674045E-6 
Dutch/CSTAUS_hardware14.nl,0.0031822707373322452 1.0682445769689023E-6 7.567713899524475E-7 1.430032993198033E-6 0.011115855117940677 0.011866588503268452 3.901681851818729E-6 0.017303944719155355 0.007108105111862929 3.305537166690529E-6 0.005270428563745736 0.1229067859615551 1.5648212464675368E-6 0.00753180442256444 2.8314003549402095E-6 1.6850742704305975E-6 0.37747610331326353 0.0016753284797141725 0.43454214107740874 4.100428338287075E-6 
Dutch/CSTAUS_hardware15.nl,7.929688524437495E-6 1.1421005166477898E-6 8.090927996109241E-7 1.5289021405464193E-6 0.007864747524101798 0.01072186339350434 4.171435039156954E-6 0.014748642674372134 7.215061172808659E-4 0.0044697917438215485 0.007421316775629002 0.049046483187347674 1.6730093394183822E-6 0.011268241343682399 3.0271567747056175E-6 1.801576377115283E-6 0.7535498720791206 0.005185512613985017 0.13497555566324876 4.383922394366845E-6 
Dutch/CSTAUS_hardware16.nl,0.0013616215798881671 1.2357021495230595E-6 8.754025561404896E-7 1.6542043663799906E-6 4.472832665800646E-6 0.001646057730985187 4.513307865065688E-6 0.020403087278177395 0.008415660408122479 0.008025429903794708 0.02484591513897875 0.22954145765365405 1.8101219697889271E-6 1.4359733722777E-5 0.0025160675505992262 1.9492258074320254E-6 0.32627952966571044 0.008123287165684731 0.36880627218353446 4.743209767526963E-6 
Dutch/CSTAUS_hardware17.nl,0.019075752930393174 1.250201363497058E-6 8.856741648608962E-7 1.673614110932206E-6 0.0224938931028454 3.1142672131104687E-6 4.566265138378982E-6 0.006073289468050174 1.0533830420291439E-4 0.01154189205138302 4.969220446233966E-4 0.3092853310817132 1.8313611865120955E-6 0.013508148897548294 3.313679901279154E-6 1.9720972106067348E-6 0.2894315359334475 5.094195895561147E-6 0.3279593959649942 4.798864613939165E-6 
Dutch/CSTAUS_hardware18.nl,7.859483566919036E-6 1.1319890074748926E-6 8.019295515905103E-7 1.515366109528788E-6 0.0039881417905947405 2.819798757633346E-6 4.134503523018267E-6 0.004790757136428139 0.0015119271850229615 3.502785614049796E-6 0.0011582103069664067 0.31023116679996504 1.6581974651259827E-6 0.0012526349827570514 3.000356048281751E-6 1.7856262433071449E-6 0.5349272093595665 4.612515970682274E-6 0.1415715788618502 5.355510249913442E-4 
Dutch/CSTAUS_hardware19.nl,7.191000698000964E-6 1.035708475445334E-6 7.337219953620349E-7 1.3864777066542307E-6 0.0038919454686176247 7.316168152818428E-4 3.7828462222444234E-6 0.004950311307376829 0.008430687518607403 0.002433327700411361 0.005514924750596393 0.3864768602540721 1.517160641359886E-6 0.01677988327389558 8.127861101244184E-4 1.6337510540815399E-6 0.2933994410678538 0.007942621484784047 0.26861433804220586 3.9755393797274405E-6 
Dutch/CSTAUS_hardware1.nl,8.632129953016374E-6 1.2432720464023786E-6 8.807652619352748E-7 1.6643380029328193E-6 4.500233186267191E-6 3.097006197671449E-6 4.540956336128357E-6 2.053533442156432E-4 7.516551118853302E-6 3.847135802319259E-6 7.978278336574694E-6 0.736098563843088 1.8212107557520985E-6 1.4447701283194256E-5 3.29531362888764E-6 1.9611667418736E-6 0.26361510466979887 5.065961004979986E-6 5.713856625831127E-6 4.772266614948501E-6 
Dutch/CSTAUS_hardware20.nl,0.0017450440194024617 9.66353634641179E-7 6.845892776241016E-7 1.2936340707245667E-6 0.006125458702600698 2.4071989749035647E-6 0.0012128057447840352 0.006357154847957548 0.005220846026423671 2.9902495405468257E-6 6.201247981918099E-6 0.35991673336333235 1.4155659964859017E-6 0.033719804118036184 0.0014385768382321794 1.5243490872580812E-6 0.13256933991950842 0.00348060671047169 0.44259953471830704 0.005596611802379677 
Dutch/CSTAUS_hardware21.nl,0.004364566781055648 9.775095051223366E-7 6.924923775247912E-7 1.3085681627853624E-6 3.5382607753246616E-6 2.4349883876234445E-6 3.5702789214600956E-6 0.01124703724223187 0.0019172167650610542 0.012235389289499823 0.003446625358160465 0.5469455675229535 1.4319077065475513E-6 0.015301815001971237 2.590905509311454E-6 1.5419466213035097E-6 0.045568021146077865 0.0068846881005902175 0.3520672337902481 3.7521441832372513E-6 
Dutch/CSTAUS_hardware2.nl,0.004949259333423096 1.5035036955888876E-6 1.0651199229467908E-6 2.0127037725648777E-6 0.006120172199502152 3.7452464864264358E-6 5.491432589217184E-6 0.006715839144652612 0.0077700933339900705 4.652387152881667E-6 0.0011855578450880853 0.43133282870577344 2.202411861219719E-6 0.00378038255504955 3.985062025237147E-6 2.3716623023941697E-6 0.4822443231742083 6.126326989122622E-6 0.05586261669265038 5.7711588647657514E-6 
Dutch/CSTAUS_hardware3.nl,0.009969133864973218 1.632297759600708E-6 1.1563608849336142E-6 2.1851172486880744E-6 0.002942182943050083 4.06607410868507E-6 5.961843086036892E-6 0.007291135513545602 9.86851557286406E-6 0.004983951273152311 1.3813883097137257E-4 0.42334416114329926 2.391076229033742E-6 0.00818947159446566 4.326432874590756E-6 2.5748251062403788E-6 0.42104035324968103 6.651124202930171E-6 0.12052242304977713 0.0015382348700106075 
Dutch/CSTAUS_hardware4.nl,0.007647820189298948 1.356440007151697E-6 9.6093629841959E-7 1.8158331952638322E-6 0.004248466711407681 3.3789090015128597E-6 4.954293682446385E-6 1.186764508841399E-5 5.386453458395219E-4 0.0035051317179527587 0.001493949392177426 0.38436844426896594 1.9869851797163336E-6 1.5762793097946796E-5 0.0012766623215280497 2.139680560719158E-6 0.4681738274293523 5.527086530827775E-6 0.12869209536201884 5.206658816179563E-6 
Dutch/CSTAUS_hardware5.nl,5.63912047393408E-4 1.4168661555204434E-6 1.003743705334065E-6 1.8967242081294208E-6 0.013192105034483563 6.684190001034491E-4 5.1749955811956514E-6 0.03525154346722001 0.0013383452007927471 0.004326166496374986 0.022393707743207755 0.31505549245817344 2.075500602914561E-6 0.010654698088702038 3.7554277570277233E-6 2.234998196841696E-6 0.2811410431622478 0.010976451190367458 0.2993176325575283 0.005102925297198113 
Dutch/CSTAUS_hardware6.nl,0.008652142698098166 1.493144458303835E-6 1.0577811780862262E-6 1.998836113958057E-6 0.007596153601504423 1.2050019400332858E-4 5.4535962650408804E-6 0.006903128085472936 9.027225120318468E-6 4.62033190579446E-6 9.58175012422547E-6 0.13570835195808534 2.1872371016652684E-6 0.017651245024055816 3.9576046912537315E-6 2.355321396400658E-6 0.7016225237616934 6.084116201645119E-6 0.12169240633732134 5.73139520853714E-6 
Dutch/CSTAUS_hardware7.nl,0.0016839732861759287 1.3382671662008333E-6 9.480621997325717E-7 1.791505655765701E-6 0.0037728776797183524 0.0012593448387774812 4.8879187667551095E-6 0.0018957254466983474 8.090870855288192E-6 4.141085246030924E-6 8.587877425174358E-6 0.04344522577270112 1.960364639587521E-6 0.005353599205658227 3.5470998038084816E-6 2.1110142914329444E-6 0.7208491327824272 5.4530376499949925E-6 0.22169212698129304 5.136902850524635E-6 
Dutch/CSTAUS_hardware8.nl,9.580852118110943E-5 1.1251158233951463E-6 7.97060414707843E-7 1.5061651454291155E-6 0.005547868341136205 2.8026775702356992E-6 4.109399742323917E-6 0.0037937043855201195 0.0026467049636316295 3.4815174832125934E-6 7.220050692771469E-6 0.047437123170139546 1.6481292609798992E-6 0.03793967761643076 2.982138557397611E-6 1.7747843201198757E-6 0.28537632354778303 4.584509805315008E-6 0.6171264391782598 4.31872710198552E-6 
Dutch/CSTAUS_hardware9.nl,0.002109266842630205 1.3424825991467999E-6 9.510485187072228E-7 1.7971487531642863E-6 7.398404028006955E-4 3.344140923826501E-6 4.903315314116487E-6 9.567211790730265E-4 8.11635644174382E-6 1.0915142365128838E-4 8.61492854198295E-6 0.028357467030606993 1.9665396290788086E-6 0.004950473431311259 3.5582728802712735E-6 2.1176638150992653E-6 0.8566763074178265 5.470214275967698E-6 0.10605343707672939 5.15308367753977E-6 
Dutch/CSTAUS_industrial1.nl,0.9749698263558398 2.7597078367432863E-6 1.9550466068368133E-6 3.694353655721817E-6 9.98922868671522E-6 0.02008002299259203 1.0079622415210874E-5 8.875062189447078E-4 1.6684590543160537E-5 8.539539558858544E-6 0.0034711544003969527 2.3269183245070357E-4 4.042566234440686E-6 2.4791006537183864E-4 7.31465239042696E-6 4.353228436503611E-6 6.954425545565818E-6 1.1244982404723368E-5 1.2683125108428839E-5 1.0593064980759096E-5 
Dutch/CSTAUS_industrial2.nl,0.8533801191831686 1.9387068257636377E-6 1.3734287923149983E-6 2.5952996015639402E-6 7.017476843455519E-6 0.016380735371453112 0.0034945424478725596 0.05490657290999363 0.0069866439359108235 0.014713988737665622 0.008655280288927642 0.00941282136097841 2.839920461131339E-6 0.028983622214692972 5.138575297211145E-6 3.0581620168595373E-6 4.8855143631306216E-6 0.0030404748397918954 8.909950862313863E-6 7.441674481089571E-6 
Dutch/CSTAUS_industrial3.nl,0.887977115072202 2.0317442244009243E-6 1.4393388310854072E-6 2.7198465007676337E-6 0.005092324941618383 5.061100242107717E-6 0.0011197581315040466 0.01606721472958174 1.2283481613968415E-5 0.03131063782850617 1.303803216512794E-5 0.008275483769969963 2.976206571299848E-6 0.02513065313835669 0.020186362638896428 3.2049214107394754E-6 5.11996731976667E-6 0.0047754387802732235 9.33753415608455E-6 7.798796056164926E-6 
Dutch/CSTAUS_leisure10.nl,0.005181421991461198 2.3585590200998594E-6 1.6708626717211162E-6 3.15734550669833E-6 8.537202782558201E-6 5.875199980535162E-6 8.614456954490935E-6 2.0635296233556384E-5 0.9439264782232157 7.298239250504746E-6 0.004073385952520847 7.522657651319382E-4 3.454942197012768E-6 0.03618273251521837 0.003880036156703226 3.720446801929305E-6 5.943536080784385E-6 9.610421193289394E-6 1.0839516679722536E-5 0.00591196337039591 
Dutch/CSTAUS_leisure11.nl,0.0020227402705658036 2.332314828510877E-6 1.6522706247543747E-6 3.1222130467156683E-6 0.004568775925386989 5.8098253714629565E-6 0.0054809190635130125 9.324724264486213E-4 0.9449152470124231 7.217030178558618E-6 1.4966842473636631E-5 1.4241747911837217E-5 3.416498314890444E-6 0.02775393215410299 0.004019275511721405 0.0016453991870332444 5.8774010812822185E-6 9.503483977430864E-6 1.0718903055026145E-5 0.008582379917940816 
Dutch/CSTAUS_leisure12.nl,0.003283462133847914 2.3208841020031453E-6 1.6441728099150355E-6 3.106911011587475E-6 8.400832052435746E-6 0.0010948973724671273 0.005091018284354114 2.03056741681871E-5 0.942280909214121 7.181659354191042E-6 1.4893489647976438E-5 0.0012848073068318553 3.3997539811606045E-6 0.03360804763586421 0.002184383585001053 0.003089489744166242 5.848595808719904E-6 9.456907192475129E-6 0.0049116884647761256 0.003094737378441815 
Dutch/CSTAUS_leisure13.nl,0.0011147403975653573 0.0012839098015644936 1.6583206211091868E-6 3.133645421817286E-6 8.473119700689566E-6 5.831098776553404E-6 8.549793977128338E-6 0.005512918743722479 0.9520367983966539 7.395685686249633E-4 1.5021645446619346E-5 1.4293895860037637E-5 3.4290082524525074E-6 0.03499572650726844 0.002935504925099195 1.8677379798760576E-4 5.898921923319105E-6 9.538282177289932E-6 1.0758151664448184E-5 0.001107472977692193 
Dutch/CSTAUS_leisure14.nl,0.005585384522143587 2.3734448914212976E-6 1.6814081982545084E-6 3.1772728600227516E-6 8.591084708337104E-6 5.912280871940736E-6 8.668826464278818E-6 2.0765534383967166E-5 0.9522971929711636 7.344301549319504E-6 2.0086096470298197E-4 0.001313904186869513 1.8910693175570734E-4 0.030842191644787898 6.290855907801084E-6 0.002602566503368833 5.98104827044718E-6 9.671076657922232E-6 1.0907929489877313E-5 0.006877427210954473 
Dutch/CSTAUS_leisure15.nl,0.0034103668783630344 2.410585518376341E-6 1.7077195547457587E-6 3.2269921125973598E-6 0.0018940755239638086 6.0047986376204335E-6 5.744094805165619E-4 0.0011523004833659102 0.9638054951422921 7.459228154556703E-6 1.5469118183244506E-5 0.0034083496944745427 3.5311533677854283E-6 0.017184697732750703 6.3892977689726135E-6 3.8025146312601656E-6 6.07464213623092E-6 0.0013295674153201232 1.1078621188471102E-5 0.007173582977699449 
Dutch/CSTAUS_leisure16.nl,0.003351600732189625 2.3690472247003233E-6 1.6782927802793266E-6 3.1713858107087017E-6 0.0024172962445385597 5.9013262292062185E-6 3.7922523784930174E-4 2.0727058706763246E-5 0.9616498915453217 7.330693569362193E-6 0.005388503426363259 1.4466045901256522E-5 1.8875654263839794E-4 0.021150160996842724 6.279199817629294E-6 3.7369911440175196E-6 5.969966211187849E-6 9.653157483928237E-6 0.00519890234798072 1.9437976139683062E-4 
Dutch/CSTAUS_leisure17.nl,7.61119039562416E-4 2.3800720897185785E-6 1.6861030726073035E-6 3.1861445289475483E-6 8.615072972044712E-6 5.92878930568158E-6 0.00391781165078721 0.0011377145504780476 0.9592376390928051 7.364808510698001E-6 1.5273308563347322E-5 1.45333667219419E-5 3.757834670130946E-4 0.019945548228784495 0.004473872557393826 3.7543820269461703E-6 1.9214625438444116E-4 9.69808050494304E-6 0.005409245051226251 0.004476699979268323 
Dutch/CSTAUS_leisure18.nl,0.0033068723234262365 2.337431372719965E-6 1.655895313665833E-6 0.0012828237040677045 8.460727693970888E-6 5.8225707470000794E-6 0.0036648076944847774 9.345180492502077E-4 0.9519241314502352 7.232862626869421E-6 7.462537570977737E-4 0.004218983956269469 3.423993299896209E-6 0.022147598555342395 0.007318736210768402 3.6871195510710713E-6 5.8902947018600725E-6 9.524332361755517E-6 1.0742417779832396E-5 0.004396496653609288 
Dutch/CSTAUS_leisure19.nl,0.0033851014915755144 2.267379581066783E-6 1.606268858375547E-6 3.0352858127576754E-6 8.20716340088849E-6 5.648070858954113E-6 0.0024909669415134326 0.003211861784934123 0.9453848835465245 7.016096910576348E-6 0.004270582446186117 1.911799149733026E-4 3.321377724497685E-6 0.0250305383401824 0.001424687162580381 3.5766181974884653E-6 5.713765156630948E-6 9.23889230390904E-6 0.00905448911765374 0.005506078335071485 
Dutch/CSTAUS_leisure1.nl,0.0033025245411802463 2.2120685980256653E-6 1.5670851635381413E-6 2.9612423471128994E-6 8.006955954604332E-6 5.5102905092926505E-6 8.07941185939303E-6 1.9353635173087472E-5 0.9761286624848822 6.844944616326109E-6 0.0017442825634260534 0.0010515599080717104 3.2403552664466143E-6 0.016980561936046374 5.863125307290271E-6 3.489369344178795E-6 5.57438224504512E-6 9.013516623627136E-6 1.0166272821942969E-5 7.005259105636463E-4 
Dutch/CSTAUS_leisure20.nl,0.003521228524582784 2.3585590200998594E-6 1.6708626717211162E-6 3.15734550669833E-6 8.537202782558201E-6 5.875199980535162E-6 0.0038823992130041255 0.002787624407697581 0.9553633665506004 7.298239250504746E-6 0.002044260604113895 1.4402002074864977E-5 3.454942197012768E-6 0.022347786957898245 0.002035376749060542 3.720446801929305E-6 5.943536080784385E-6 7.474741842503626E-4 1.0839516679722536E-5 0.007203224955745788 
Dutch/CSTAUS_leisure21.nl,0.007298083437088514 2.327644301203264E-6 1.6489619054605009E-6 3.1159607255810545E-6 8.425301735377772E-6 5.798191029598739E-6 0.005287895305204373 5.665090021716953E-4 0.9557663913940289 7.20257786872601E-6 1.4936870942509123E-5 0.003109030261243082 9.136499604554593E-4 0.023147152590424176 0.0038291787365280763 3.671681192898028E-6 5.865631417121806E-6 9.484452978317253E-6 1.0697438144365642E-5 8.934600614765514E-6 
Dutch/CSTAUS_leisure2.nl,0.004449303443021664 2.3616084744024923E-6 1.673022982029218E-6 3.1614277368898354E-6 5.626615683441186E-4 5.59996123755891E-4 0.006473281082897399 0.0027912286139827464 0.9506880433962328 7.307675370989512E-6 0.003339834789829295 0.0024155783755731323 3.4594091992197266E-6 0.017943774486246074 0.00720973274138965 0.003143700779847342 5.951220663412991E-6 3.7903173183677553E-4 1.0853531427920798E-5 9.0649711883918E-6 
Dutch/CSTAUS_leisure3.nl,0.007299412280938913 2.3280681214900874E-6 1.649262150436665E-6 3.1165280834749407E-6 0.001465076502113669 1.878804550573737E-4 0.0011009903409894683 0.0011128557776737549 0.9477467641205365 7.203889322807123E-6 0.002017832881813629 3.783782329374511E-4 3.410277513477616E-6 0.02843172229223447 6.1705840100922055E-6 3.6723497370460725E-6 5.866699438377597E-6 9.486179918975477E-6 0.004380648384814343 0.0058355348925943264 
Dutch/CSTAUS_leisure4.nl,1.5731425550246465E-5 2.265772380992384E-6 1.6051302773235508E-6 5.34660068691139E-4 0.0031979629522565513 5.37271001701463E-4 0.006033380817341496 1.9823495567055457E-5 0.9393984914459234 0.0017791009049756877 1.453982879707591E-5 0.0047984778312328905 3.3190234126874817E-6 0.03121511003033989 0.004790647877675901 3.574082962064675E-6 5.709715034692162E-6 9.232343445252028E-6 1.041308583203559E-5 0.007628683166602261 
Dutch/CSTAUS_leisure5.nl,0.003947689329973106 2.39343813770069E-6 1.6955719179706892E-6 3.2040373317898736E-6 8.66345364051739E-6 5.962084298164325E-6 8.741850271606342E-6 2.0940457528196244E-5 0.9511465821328526 3.8179393093422306E-4 1.5359080660749394E-5 3.890027464525578E-4 3.5060349761913784E-6 0.031101997775353336 0.0037502214784536454 3.775465947274514E-6 1.9322531247968952E-4 9.7525431449292E-6 1.0999814884595188E-5 0.008994493460761257 
Dutch/CSTAUS_leisure6.nl,0.004693867470930487 2.3004231094142075E-6 1.6296777269207711E-6 3.0795203792298693E-6 8.326770033476056E-6 5.7303827008241475E-6 0.007924840595490302 2.0126658659265275E-5 0.9620411016869076 7.118345602894478E-6 1.4762188140482957E-5 1.4047008411707262E-5 3.3697816352977934E-6 0.013520661764615265 6.097310437081358E-6 0.0019827383607199348 5.7970343906402055E-6 0.0016286450411349925 0.002349520065803445 0.005766239913170901 
Dutch/CSTAUS_leisure7.nl,0.0014685353327773799 2.3213054638315963E-6 1.6444713132573082E-6 3.1074750784030254E-6 8.402357242750535E-6 5.7824009065256005E-6 8.478391181220157E-6 0.004559116663577389 0.9566130612579514 7.182963200907983E-6 0.0011042099462833632 0.0016481451507727373 3.4003712142885105E-6 0.019997727345343462 0.007994453512518186 0.003997812108684264 5.849657634694629E-6 1.9101091623035282E-4 0.00237084810346925 8.910269156454414E-6 
Dutch/CSTAUS_leisure8.nl,0.0051153691941088495 2.328492096144438E-6 1.6495625047706771E-6 3.117095648016875E-6 0.0018295720493753586 5.8003028973872635E-6 8.504639807681965E-6 0.002569973387822644 0.9582998813931515 7.205201254557497E-6 1.4942311380129031E-5 9.247902447210602E-4 3.4108985740113133E-6 0.021880782873317017 0.0023736584903359744 3.6730185246971065E-6 5.86776784863742E-6 9.487907488635115E-6 1.0701334458737054E-5 0.006929283834684382 
Dutch/CSTAUS_leisure9.nl,0.008476743035248022 2.3016654498409045E-6 1.63055783219982E-6 3.0811834700961965E-6 8.33126689450743E-6 5.733477386345496E-6 0.0027086499771430514 2.0137528034383447E-5 0.952839774747898 7.122189855926664E-6 1.4770160440464805E-5 0.004334443905864092 3.3716014813676485E-6 0.026129099071474024 0.0016262465950505338 3.636631441534531E-4 5.8001650713175865E-6 9.378596944364977E-6 1.057804397603552E-5 0.0034291430863320604 
Dutch/CSTAUS_software10.nl,0.029555226520423826 1.6006246984434349E-6 1.1339228898968874E-6 2.14271729325933E-6 5.793731474569636E-6 0.028796978916968776 5.846159645584028E-6 0.9047398793100048 9.677027166148802E-6 4.9529148518032865E-6 0.01302971121194388 0.005893559117998003 2.3446798511740962E-6 0.01003355404105915 4.242482889225787E-6 2.524863270184693E-6 0.002382585043717926 6.522065970505984E-6 0.004639272248350378 8.824523995325663E-4 
Dutch/CSTAUS_software11.nl,0.0323545176927906 1.0417844696112724E-6 7.38026382811721E-7 1.3946114920355008E-6 0.005870280951221996 0.8952972100907995 3.805038327573209E-6 0.040748767718900084 8.777770731813978E-5 3.223659972842801E-6 2.5112321806361053E-4 0.01565038818258447 1.526061079489187E-6 0.00970814369420757 2.7612673919658227E-6 1.6433354710372155E-6 2.6252824418501354E-6 4.244959511408802E-6 4.7878556520282325E-6 3.998861921398537E-6 
Dutch/CSTAUS_software12.nl,0.0022554378298723773 1.1053702171648475E-6 7.830721294457199E-7 1.4797321833633076E-6 4.001074220876251E-6 0.9416426137362917 4.037280421390394E-6 0.033726118445548486 0.0022544459893321257 6.085874226964642E-4 0.0027735710784453516 0.00381065658126873 1.6192048509527254E-6 0.004767728797471386 2.9298024934527666E-6 1.7436371336701763E-6 2.785517645458617E-6 0.008131032409249834 5.080084409216773E-6 4.242934118722163E-6 
Dutch/CSTAUS_software13.nl,7.6007625801756E-4 1.201448226191438E-6 8.511362132730637E-7 1.608349473627167E-6 4.34884480410708E-6 0.9361943631301501 4.388198022340535E-6 0.0346842660605272 2.891641361713793E-4 3.7177176941997444E-6 0.0023568802441864827 0.006021212480821846 1.7599450082954435E-6 0.015424519214813295 3.1844588846246513E-6 1.895192858319195E-6 3.02763289818411E-6 0.0014143977551233232 0.002730559254866533 9.85785412392017E-5 
Dutch/CSTAUS_software14.nl,7.609538884027742E-6 1.0959898694780107E-6 7.764268546554214E-7 1.467174940416278E-6 7.754361426826828E-4 0.9183080229007977 4.0030194168203274E-6 0.022725065702964304 5.209387967370748E-4 0.025633306684771092 0.012521975060652158 6.692411866625669E-6 1.605464020738296E-6 0.004470112750923846 2.9049397229387956E-6 1.728840351289467E-6 2.7618792991412726E-6 0.00969068799807954 0.005319601349261412 4.206927904127348E-6 
Dutch/CSTAUS_software1.nl,0.004650429732610073 1.0236027375309036E-6 7.25145985424406E-7 1.3702720501988853E-6 1.6381968173845453E-4 8.260709656648182E-5 3.7386309377094638E-6 0.01866230403580176 0.004249224814620181 0.7869663218193272 6.568624758943777E-6 0.0807840553617899 1.4994275151628691E-6 0.03683824809454724 2.713076402958553E-6 1.6146551766729558E-6 2.5794647286999037E-6 4.170874401887783E-6 0.06501122325691895 0.0025657623313846373 
Dutch/CSTAUS_software2.nl,0.00545297837722238 1.1799384648339472E-6 8.358981560425352E-7 1.5795548800666667E-6 9.655549467450954E-5 0.0014794913708161238 4.309635259341442E-6 0.02400429551550621 9.941815820911207E-5 0.9145431262818002 7.571856473180231E-6 0.013480743205215827 1.7284363703820606E-6 0.018286044321077517 1.8769646306777507E-4 1.8612628518318648E-6 2.9734285973259125E-6 4.807895639913817E-6 0.02233827374336757 4.529162350038227E-6 
Dutch/CSTAUS_software3.nl,0.005758840788652441 1.1141353102444281E-6 7.89281542360989E-7 1.4914657999549479E-6 0.0070622074439090085 6.127410348596544E-4 4.0692942554274825E-6 0.01342899331170484 6.735818630367065E-6 0.9335123975392499 7.149586959231935E-6 0.007152115814365223 1.63204442362541E-6 0.018921884047423985 2.9530345212034032E-6 1.7574633988764452E-6 2.8076055586827328E-6 4.5397675048690406E-6 0.013511503943235439 4.276578694904536E-6 
Dutch/CSTAUS_software4.nl,0.005558058397123003 9.723060542124335E-7 6.888061217154614E-7 1.3016024298061585E-6 3.5194260057859923E-6 2.4220265264090133E-6 3.5512737138328257E-6 0.0014533676975079196 5.878349940229401E-6 0.9909494386612633 6.239445623579039E-6 2.340730938291582E-4 1.4242854160025607E-6 8.734419428460003E-5 2.577113674491175E-6 1.533738574724321E-6 2.4501977968446264E-6 0.0016769586679947874 4.468545244199422E-6 3.732170875599787E-6 
Dutch/CSTAUS_software5.nl,0.00787418340136455 1.2415818428886147E-6 8.795678791542239E-7 1.662075368661593E-6 0.009229537147664444 3.092795879605826E-6 4.5347829966912E-6 0.00234139992533033 7.5063325177440496E-6 0.9599909515778364 7.967432026535564E-6 0.005736818687741457 1.8187348561068166E-6 0.013026594021490416 0.001751193724075783 1.95850057486069E-6 3.128769056685643E-6 5.059073932182054E-6 5.706088751877822E-6 4.7657788138075175E-6 
Dutch/CSTAUS_software6.nl,0.004479697679372877 1.1668017819592769E-6 8.265917987038093E-7 1.5619691227064353E-6 0.017708095246305348 2.9065178137307296E-6 9.551872571334497E-5 0.0019266069739944762 6.458537269146296E-4 0.9460656674982477 7.4875562488675275E-6 0.00676014807643263 1.7091930613931033E-6 0.015070975808431055 0.006299830539757576 1.8405407374507893E-6 2.9403243383347085E-6 9.173250794578515E-4 5.362412926576699E-6 4.478737542937188E-6 
Dutch/CSTAUS_software7.nl,0.030850416906943994 1.5107875489886517E-6 1.0702799883291866E-6 2.0224544896795255E-6 5.468550736768977E-6 3.7633906562300404E-6 5.518036308284784E-6 0.08993346612996786 9.133891391317429E-6 0.8701396379595393 9.694968698236052E-6 4.8186784464848145E-4 2.2130816355409203E-6 1.3571706216362675E-4 4.004368002113662E-6 2.383152025083291E-6 3.807163709404939E-6 0.008395561543632498 6.943310172533339E-6 5.799117741914529E-6 
Dutch/CSTAUS_software8.nl,0.030707355250291606 1.3771868125290436E-6 9.756338583988198E-7 1.8436064382390012E-6 0.0022669276274753752 0.012821105703528346 5.0300698069119016E-6 0.7809208271134932 8.32617053245877E-6 0.16555692244266915 0.0045327229654513424 8.409476787517577E-6 2.017376199292503E-6 0.001954811886096223 3.6502569859778696E-6 2.172407062391832E-6 3.4704917029806827E-6 5.611623545332105E-6 0.0011911564163872433 5.28629487568532E-6 
Dutch/CSTAUS_software9.nl,0.013660730319215419 1.237975408231544E-6 8.770129899209472E-7 1.6572475224374095E-6 0.0034901325413344807 0.02895335582851723 4.521610769137104E-6 0.8800410062896139 7.484528801867771E-6 0.009976666925609825 0.007560189162770872 0.006591567765672064 1.8134519595707124E-6 0.03506454825730297 3.2812747996530056E-6 1.952811699504203E-6 3.119680891274212E-6 1.986916832486643E-4 0.011527704129408772 0.0029094615024644805 
Dutch/CSTAUS_undef10.nl,0.004060577748455635 1.523024938026418E-6 1.078949263241657E-6 2.038836384286714E-6 5.512846033538799E-6 3.793874145184004E-6 5.562732438507861E-6 0.009780980068851653 9.207875971385672E-6 0.0011958902263415172 1.2889124134476653E-4 0.0022725371273939125 2.231007611277601E-6 0.0013279938046217054 4.036803409146935E-6 2.402455572088697E-6 3.838001760376196E-6 0.9811790577337998 6.999551030387939E-6 5.846090633590215E-6 
Dutch/CSTAUS_undef11.nl,0.002767092673330373 1.5323338738339741E-6 1.0855439480563008E-6 2.0512980298905142E-6 5.546541299165673E-6 3.817062820561329E-6 5.596732616634808E-6 0.003728626583487772 9.264155763135268E-6 4.741598207883559E-6 4.892164637741375E-4 9.356846889253768E-6 2.244643833588225E-6 0.006489480393349658 4.061476901264647E-6 2.417139707681421E-6 3.861460149746319E-6 0.9854983164384117 9.658087908700285E-4 5.881822735589653E-6 
Dutch/CSTAUS_undef12.nl,1.1279174281136838E-4 1.62452166111539E-5 1.1508521007225687E-5 2.17470757506828E-5 5.8802305676510834E-5 0.006393263680617298 5.933441479333483E-5 0.0039538092000097995 9.82150298061664E-5 5.026860743957779E-5 0.0013748075180171004 0.0013697570342333472 2.379685388034599E-5 1.8878091690221712E-4 4.305822193772837E-5 2.5625589045067612E-5 4.0937720975268634E-5 0.9860202334007757 7.466011870877532E-5 6.235683100118985E-5 
Dutch/CSTAUS_undef1.nl,2.913413127497123E-5 4.196142922724638E-6 2.9726534358637734E-6 5.617274314368311E-6 1.5188648123963399E-5 1.0452644435783826E-5 1.532609202256585E-5 0.013164142368505695 2.536896319027052E-5 1.2984392045470223E-5 0.01052887120601382 2.562278856051334E-5 6.146732443356041E-6 4.87621511836794E-5 1.1121947929278611E-5 6.619095127256213E-6 1.057422207746406E-5 0.9753851355467227 6.75656216895245E-4 1.6106782775030878E-5 
Dutch/CSTAUS_undef2.nl,0.023618763919797527 2.8199653941109674E-6 1.997734579635768E-6 3.7750189799210863E-6 1.0207341094352892E-5 0.036839396937354996 1.0299708548185694E-5 0.005317947263020561 0.0011198145343382763 0.01699131685081782 0.01457460262020281 4.5832573064293557E-4 4.1308346966094664E-6 0.005767151320920656 7.474366067422907E-6 4.448280133192198E-6 7.106273755978456E-6 0.8952366368795492 1.2960058097003645E-5 1.0824362008755704E-5 
Dutch/CSTAUS_undef3.nl,0.0037502096760011813 2.5119332065067764E-6 1.7795168121047067E-6 3.3626637939103616E-6 9.092366558324259E-6 6.257256994717644E-6 9.174644473850326E-6 0.009255669261330994 2.116481328289926E-4 7.77283475467059E-6 0.017894119036488052 1.5338546520875757E-5 3.6796128302400526E-6 2.9190442040390416E-5 6.657921533915197E-6 3.962382872408459E-6 6.330036907349186E-6 0.9671903650798326 0.0015832366655528503 9.641988666182156E-6 
Dutch/CSTAUS_undef4.nl,0.015509605805181086 1.7691685112576644E-6 1.2533235760704832E-6 2.3683427898170886E-6 6.403804275580012E-6 0.00415547550401257 6.461753068542968E-6 0.03059501647874288 1.4906495566745202E-4 5.589502484497765E-4 0.03488032829970862 1.0803023521047983E-5 2.591571756771883E-6 0.016763201872529065 4.689211121424506E-6 1.4115967770666666E-4 4.458280157518519E-6 0.8971914769900438 8.1307830008025E-6 6.790906179322702E-6 
Dutch/CSTAUS_undef5.nl,0.0184617594594231 1.760399464774485E-6 1.2471113624644354E-6 2.3566038809003542E-6 6.372063230561172E-6 0.021895999827814563 6.429724795000727E-6 0.017501157029895277 1.0642990490189868E-5 5.447316077695918E-6 0.01515643898005639 0.003452827252617563 2.5787263929441758E-6 2.0457087955732352E-5 4.665968615110632E-6 2.776895766874214E-6 4.436182281772062E-6 0.9234477986514242 8.090482026856273E-6 6.757246428105981E-6 
Dutch/CSTAUS_undef6.nl,1.4406443878374341E-5 2.0749373630303953E-6 1.469937939437338E-6 2.77766810328415E-6 7.510586285242532E-6 5.168694889972147E-6 7.578550481358522E-6 0.006022644299309954 1.2544617891769887E-5 6.555547123993835E-4 0.014456548972123362 1.2670131191507511E-5 3.0394781689154396E-6 0.0032697827494384225 5.499656644953874E-6 3.2730552895654122E-6 5.228813431184189E-6 0.9754947260612836 9.536042119054202E-6 7.96459176762867E-6 
Dutch/CSTAUS_undef7.nl,0.00646072943239792 1.4220665000215571E-6 1.0074277604850924E-6 1.903685782634849E-6 5.147409913215919E-6 5.596506543204903E-4 5.193989442901716E-6 0.010578498927806757 8.59750331614983E-6 4.40039085680621E-6 0.0053477650128321876 2.3112683191302125E-4 2.0831183430273953E-6 0.0012399636109937046 3.7692113582588606E-6 2.2432013432981627E-6 3.5835878941859333E-6 0.9753084765012505 6.535564052158287E-6 2.2790187192220208E-4 
Dutch/CSTAUS_undef8.nl,0.0051743304501126125 1.9407667581560824E-6 1.3748881003549811E-6 2.5980571828786167E-6 7.0249331167150785E-6 4.834474237265064E-6 7.0885025790597515E-6 0.017321025107031308 1.1733451733000767E-5 3.0958517705191726E-4 7.714035624648486E-4 0.006842394976116458 2.8429379592244545E-6 2.255308358563184E-5 5.144035182927271E-6 3.061411402953483E-6 4.8907053642436465E-6 0.9694898044805996 8.919417944263783E-6 7.449581476677514E-6 
Dutch/CSTAUS_undef9.nl,0.007985609889462057 1.9232509574463535E-6 1.362479465539494E-6 2.5746092071460674E-6 0.0016615808292818888 4.790842158902021E-6 7.0245274527425755E-6 0.009192442842061603 1.1627555029376406E-5 5.951237813676388E-6 9.148614301307356E-4 1.1743892793683705E-5 2.8172798864474814E-6 0.007543346344693989 5.0976092563035095E-6 3.03378156448924E-6 0.0012082060549268364 0.9714197842778671 8.838918447607656E-6 7.38234754247702E-6 
Dutch/D_CKTAUS_electronics1.nl,0.01276765832035188 1.3823983221087187E-6 0.5546522417089463 1.850582959163123E-6 0.08628408908383943 0.01870805729318039 5.04910444821595E-6 0.009202222886439652 8.357678180584032E-6 0.09417606117831404 8.87107420914993E-6 8.733945353658902E-4 2.0250102946038824E-6 0.20879415171060434 0.008112600654729024 2.1806278209073875E-6 0.006382513737813198 5.632858885082653E-6 6.353256180073658E-6 5.306299116311928E-6 
Dutch/D_CKTAUS_hardware1.nl,5.924913113495592E-6 8.533558798889389E-7 0.5163172054868131 1.1423667290156957E-6 3.0888657566821453E-6 2.1257201563269705E-6 3.116817273393378E-6 7.466105882484914E-6 5.15920317867687E-6 2.6405933979938223E-6 5.4761230654285005E-6 0.4835514587375274 1.2500408992828282E-6 7.665866261349064E-5 2.2618342215821933E-6 1.3461037553793967E-6 2.1504450041935656E-6 3.477169476622022E-6 3.921871454123636E-6 3.2755838016693907E-6 
Dutch/D_CKTAUS_industrial1.nl,5.710342529825132E-6 8.224516175446833E-7 0.529266691002509 1.1009959458303207E-6 0.47060468443330317 2.0487372527930422E-6 3.003941811975578E-6 7.1957210403340246E-6 6.929736377727501E-5 2.5449643725903397E-6 5.277805402385671E-6 5.022112994167549E-6 1.204770698651512E-6 9.557470003889874E-6 2.1799219505000644E-6 1.297354640761183E-6 2.0725666908981314E-6 3.351243868967042E-6 3.77984097521669E-6 3.156958614308451E-6 
Dutch/D_CKTAUS_undef1.nl,4.335257143136838E-6 6.244002406549547E-7 0.5298129583587157 8.358693920365866E-7 2.26012214514089E-6 1.5553887990417213E-6 2.2805742615116544E-6 2.496386852929162E-4 0.0024455323660566 1.9321213951133854E-6 4.006877599946592E-6 3.8127574865937035E-6 9.146545500364003E-7 0.4592529837478811 1.6549834196505892E-6 9.84943712949892E-7 1.5734799627893345E-6 2.544243860232638E-6 2.8696321634196742E-6 0.008206701535921202 
Dutch/D_CSTAUS_business1.nl,8.393800825580914E-6 1.2089458785160347E-6 0.5042531536161527 1.6183863981544357E-6 4.375983823204211E-6 3.011499284688133E-6 4.415582625676533E-6 1.057720248716066E-5 1.0186223790363137E-4 3.740918156861769E-6 0.4888478810770738 7.382151942099892E-6 1.7709279666077113E-6 0.006727327092860466 3.2043315391747142E-6 1.9070198324908408E-6 3.0465268782510282E-6 4.926092157718593E-6 5.556099679244636E-6 4.640506534363453E-6 
Dutch/D_CSTAUS_electronics1.nl,5.435525353168544E-6 7.828701335461752E-7 0.521122974881546 1.0480091773898811E-6 1.8652157710532806E-4 6.317942141973898E-5 2.8593734602005257E-6 6.8494182169947115E-6 4.733061758487293E-6 2.4224848680923324E-6 5.0238046008486515E-6 4.7804177006367505E-6 1.1467896440663096E-6 9.097505140358392E-6 0.4785701442012455 1.2349178714020554E-6 1.9728218991539918E-6 3.1899611834631613E-6 3.597931532903123E-6 3.005026142889349E-6 
Dutch/D_CSTAUS_hardware1.nl,5.548312116943914E-6 7.991146330346365E-7 0.48656139529269754 1.069755293145884E-6 2.8925304012266896E-6 6.44903899124126E-5 2.9187052557579147E-6 6.991543156948964E-6 4.831272452726362E-6 2.472751256493532E-6 5.128048188350131E-6 0.3838785614121825 1.170585447467346E-6 7.178606310333062E-5 2.118066877561179E-6 1.2605423292408203E-6 0.1293765694934677 3.2561526507225545E-6 3.6725883558438803E-6 3.0673802212341955E-6 
Dutch/D_CSTAUS_industrial1.nl,0.5380767513859416 1.8684459120646454E-6 0.4578377762451696 2.5012430279215136E-6 6.763155597803282E-6 0.00395026052062413 6.8243562039816865E-6 1.634724192324811E-5 1.1296215700727687E-5 5.781651074518365E-6 1.1990120413647857E-5 1.1409238298895182E-5 2.736998552681898E-6 2.1712664158604213E-5 4.952347554730837E-6 2.9473307892140324E-6 4.708457833240961E-6 7.613357155277266E-6 8.587044231832118E-6 7.1719798364205E-6 
Dutch/D_CSTAUS_leisure1.nl,9.063998438703201E-6 1.3054733824456264E-6 0.5299142273583214 1.7476054162954353E-6 4.725381429165421E-6 3.251950502730679E-6 4.768141972480887E-6 0.0015429630691840255 0.465290150722487 4.039609354295688E-6 8.377434396823825E-6 3.1427984245987236E-4 1.912326567896282E-6 0.0027719449310552946 3.460179324204654E-6 2.0592846010349256E-6 1.0539253063766397E-4 5.3194128088426836E-6 5.999722874585532E-6 5.011024785586494E-6 
Dutch/D_CSTAUS_undef1.nl,2.0388649172734078E-5 2.9365449452608786E-6 0.44326704258288635 3.93108118521646E-6 1.0629320472432763E-5 7.3149701399063876E-6 1.0725506468270078E-5 0.009212530755703897 1.7753709059682304E-5 9.086737875852205E-6 0.003923250688447671 1.793134114269094E-5 4.301606598921066E-6 3.4124731024534066E-5 7.783362143435038E-6 4.632175475454049E-6 7.40005261104896E-6 0.5434134684982121 1.349583692570157E-5 1.1271849508815158E-5 
