English/CKTAUS_electronics1.en,0.01964516679396262 0.2734673942615309 0.019557023269574116 0.10678681396978344 0.011488330632092762 0.38766584282708433 0.09594774211767619 0.04340631187574742 0.042032372875355634 3.0013771921148878E-6 
Dutch/CKTAUS_electronics1.nl,0.016738616900792327 0.10172330437097189 0.042025035159881034 0.21158803758356667 0.054074086142476704 0.30543590202010623 0.26037473434002 2.9583519655751233E-4 0.00773832914236845 6.119143257403329E-6 
English/CKTAUS_finance10.en,0.013386276890632673 0.03152301942019129 0.020396940602717975 0.5283100453898657 0.007305559494391254 0.06764078742521662 0.046835927121410825 0.08692936911847741 0.1976713761816558 6.98355441217453E-7 
Dutch/CKTAUS_finance10.nl,0.02813319464141132 0.02839184180181013 0.03667092157045182 0.568296272484811 0.08535411785985318 0.05898528527021992 0.1556949477842891 0.00838451032885367 0.029983827083117705 1.0508117517853028E-4 
English/CKTAUS_finance11.en,0.010787843878268592 0.031134153408928323 0.023643065784597912 0.5248348092585029 0.005502737376635838 0.0693119229159264 0.050089052781502295 0.09127489753403753 0.19342079466394177 7.223976605423005E-7 
Dutch/CKTAUS_finance11.nl,0.024202919341859523 0.025659022804851654 0.041321544933049986 0.5787981400671236 0.08232503968179469 0.05696052476815581 0.15172346236505627 0.010573862874748029 0.028319497775080284 1.1598538827672653E-4 
English/CKTAUS_finance12.en,0.015172492090839063 0.02873593214239247 0.02565868791329122 0.5193326414864746 0.010292680390619615 0.06930930068385376 0.0502954322816809 0.08618092888946878 0.1950055558290216 1.634829235924426E-5 
Dutch/CKTAUS_finance12.nl,0.02450112404094757 0.026481629500413696 0.04297574173441306 0.5548533919827768 0.08296360724897024 0.05476983276741072 0.16992383521422866 0.008426023280308474 0.035103125192221994 1.6890383053295703E-6 
English/CKTAUS_finance13.en,0.010431703664136767 0.03280070841799159 0.023493482719267798 0.5086137343379775 0.01076213756159677 0.06882390054989876 0.05451951198665319 0.08976746551279557 0.20076925076961094 1.8104480071309997E-5 
Dutch/CKTAUS_finance13.nl,0.025457244546561446 0.029388814265289494 0.03602125443784752 0.5408630008619226 0.08057060291570839 0.07618788571350898 0.16827032079359308 0.011377865850642566 0.031860275400225 2.7352146976524533E-6 
English/CKTAUS_finance14.en,0.009123380689642767 0.030352984867343433 0.027909929120936042 0.521325313335587 0.006533237762029408 0.07402889571159955 0.050581619897221 0.08802718114054428 0.19211675949737156 6.979777258352849E-7 
Dutch/CKTAUS_finance14.nl,0.02458546141541436 0.02823205907226888 0.04208845244590844 0.547584392289025 0.08815742411832983 0.06493687499442279 0.1501871235689035 0.021134775133505285 0.03309070533250267 2.7316297158335615E-6 
English/CKTAUS_finance15.en,0.013479483218523472 0.029927515017755132 0.023498301429637533 0.5160030217607638 0.007356108367539962 0.06729249312486651 0.05084782381464278 0.09572781390454053 0.19586672928629498 7.100754364989725E-7 
Dutch/CKTAUS_finance15.nl,0.026569047051460983 0.028498955937249208 0.036027290513827505 0.557201802993684 0.08685301499951974 0.061381232718157056 0.1550736491455204 0.014102489552560113 0.034290786800417764 1.7302875999070761E-6 
English/CKTAUS_finance16.en,0.012268996807223235 0.03634365892704394 0.02524709063789144 0.49958787388964787 0.005985090279913791 0.07176919548091198 0.05063893861013339 0.09919369812005487 0.19896474391959854 7.13327582595161E-7 
Dutch/CKTAUS_finance16.nl,0.02447918084528679 0.030343744401627504 0.03994338613901969 0.551226128641958 0.08044057755352588 0.05936404808301653 0.16538176804652993 0.019736471592428292 0.02896664931953305 1.1804537707114895E-4 
English/CKTAUS_finance17.en,0.012421810391790484 0.03430808533969372 0.03175237996345224 0.5113291328428242 0.007779667633955776 0.07220095233672758 0.04462012449419817 0.09331027396752319 0.19227687663943088 6.963904043144484E-7 
Dutch/CKTAUS_finance17.nl,0.024353642368894958 0.030395729989964506 0.036862937854833674 0.5249806758266883 0.12064439514941312 0.0625802461684495 0.15471477653251517 0.01372843488597122 0.03173543817122092 3.7230520451965527E-6 
English/CKTAUS_finance18.en,0.014620282569568287 0.033133789111072 0.027813289085172332 0.5150781425693333 0.007269279040170202 0.07261131901432454 0.04727918541816772 0.08954243482841441 0.19265159389845044 6.844653266303627E-7 
Dutch/CKTAUS_finance18.nl,0.02208961032657608 0.026999961483549967 0.04016355962954114 0.5522753031546078 0.11224204636570627 0.05437000013576546 0.15377746840810877 0.009464448862860802 0.028517097762349293 1.0050387093074851E-4 
English/CKTAUS_finance19.en,0.013556858617492588 0.03315355734984865 0.025536209828772197 0.5185946770180971 0.007244507447549467 0.07357501024645999 0.05768082995117219 0.08088660713362414 0.18977105465866306 6.877483206188063E-7 
Dutch/CKTAUS_finance19.nl,0.024442560303859093 0.03011396544218211 0.03770612802803417 0.5388840605768032 0.10971477202889252 0.06166427225609192 0.1573768337214872 0.01177643741419965 0.02831930100884512 1.6692196015309782E-6 
English/CKTAUS_finance1.en,0.014220712188293268 0.028207464031600703 0.02437819559733029 0.49695016101775813 0.005379562573984522 0.0816447913489877 0.06739085200127963 0.09335864741640973 0.188468893701421 7.201229370265014E-7 
Dutch/CKTAUS_finance1.nl,0.024556629565649787 0.027550635618082384 0.03755702617081266 0.5329480938999627 0.11308403554950114 0.060024521496327206 0.16178117693256847 0.014570183427879673 0.02792593257264285 1.7647665698006755E-6 
English/CKTAUS_finance20.en,0.013996784952583543 0.03177984669255202 0.025871303065433233 0.5146319054608548 0.009101071790379911 0.08195788559852388 0.05063024766415382 0.08509883629303684 0.18691711415818632 1.5004324296421676E-5 
Dutch/CKTAUS_finance20.nl,0.025630357968812387 0.022307319336949568 0.038339317975573384 0.5406784652373432 0.11234448744909678 0.06083101505549969 0.15645607510116677 0.012116050805762744 0.031295212663383094 1.698406408859563E-6 
English/CKTAUS_finance21.en,0.011654111839034363 0.027029589435593956 0.02268156519086014 0.5108065126001752 0.006983615402029403 0.08363274450976986 0.04852162294700314 0.09107249079510948 0.19759562831361602 2.2118966809142585E-5 
Dutch/CKTAUS_finance21.nl,0.02798856334650997 0.024813849768568867 0.038202788208408535 0.5338188428627982 0.10797425757494132 0.06004640203682802 0.16633145493175222 0.011090863006330894 0.02973132341627927 1.6548475793218703E-6 
English/CKTAUS_finance2.en,0.008941291190300604 0.03166145871182688 0.025808542521473743 0.5135421315638704 0.00791987434801092 0.08374996804869879 0.05726673206801964 0.09237720029257496 0.1787321189096647 6.823455591486085E-7 
Dutch/CKTAUS_finance2.nl,0.021079158715294928 0.02853790742771878 0.041103607000158235 0.5530297157896787 0.10049160204628423 0.05544891919805322 0.15645348868710293 0.013534957678809084 0.030096321388126335 2.243220687698785E-4 
English/CKTAUS_finance3.en,0.01031499750999217 0.03267316125044584 0.02290330241464607 0.5087649306718746 0.008339307504544062 0.08533982148555132 0.05320182092830118 0.09197551554336907 0.18648643556180727 7.071294697362107E-7 
Dutch/CKTAUS_finance3.nl,0.023202092347613022 0.02780658232992834 0.04116572661831056 0.5394077812315673 0.10765125600180178 0.05982643907715991 0.1627358507617595 0.010191486721806468 0.02801005583528694 2.7290747627264E-6 
English/CKTAUS_finance4.en,0.011552901449975997 0.030894299196277113 0.02616189504556032 0.50136446891265 0.007160525512558632 0.07392219749189573 0.05312239053271132 0.10681944234776539 0.18898579352557357 1.6085985032446655E-5 
Dutch/CKTAUS_finance4.nl,0.02835604629716674 0.027000475780228985 0.03566024973359706 0.5435685852693941 0.10545250651972925 0.06103992647751126 0.15461508655253842 0.011403715672105732 0.03290169690769648 1.71079002856208E-6 
English/CKTAUS_finance5.en,0.012015976295566213 0.02990064865548297 0.023277763264805226 0.5072998214103931 0.007246877619651349 0.07779192268346662 0.04999365901678932 0.09579194941593587 0.1966806967833944 6.848545147602404E-7 
Dutch/CKTAUS_finance5.nl,0.024214940584022935 0.02863215121980794 0.039906001090577285 0.5317175558413119 0.11365457125409573 0.06273592573716312 0.16177713947299852 0.010040096249703903 0.027221390447839125 1.0022810247603989E-4 
English/CKTAUS_finance6.en,0.012881056683481818 0.02871680466896569 0.023415907387552712 0.4967328163686057 0.0070777922243301485 0.07912539113747998 0.05856104366535371 0.09144519989446444 0.20204328780101316 7.00168753488917E-7 
Dutch/CKTAUS_finance6.nl,0.022399288912389816 0.028735209059360733 0.04015272697136929 0.5318645367629826 0.11086610279428706 0.05999446212453875 0.16557950347363218 0.012657912816080086 0.027645137161667853 1.0511992368812788E-4 
English/CKTAUS_finance7.en,0.01605746477063068 0.027683191557007554 0.024655034513317183 0.5097504030629134 0.008209354642807724 0.0761336808013149 0.049335955167208415 0.0963963056792695 0.19177791945553785 6.903499930146493E-7 
Dutch/CKTAUS_finance7.nl,0.0239191007313195 0.02826612919674268 0.03994755613684621 0.5368354315759161 0.1193218153488519 0.06085286413612977 0.14521157300626203 0.013972470796025253 0.03167137034934995 1.6887225531557425E-6 
English/CKTAUS_finance8.en,0.01164504018021702 0.027729766465845282 0.023370407498291963 0.506820707302878 0.006407318133544344 0.07178163311574663 0.054619953096726584 0.1020220274594486 0.19560203869022424 1.1080570771989582E-6 
Dutch/CKTAUS_finance8.nl,0.024864880709081313 0.023956713836266345 0.04107815467492598 0.5458106695667716 0.11681415510606916 0.05142792279211239 0.15603876146448073 0.010673434630984628 0.029117295867342546 2.1801135196158786E-4 
English/CKTAUS_finance9.en,0.011655491975030019 0.03145509085897649 0.025736989379144048 0.5169081083537854 0.010955347324335061 0.07463844237987834 0.04716054428678302 0.09071679796576337 0.19077249667757804 6.907987263416928E-7 
Dutch/CKTAUS_finance9.nl,0.022050026509189715 0.028982403846046587 0.03917979412096222 0.5330109055502987 0.11843726359829392 0.06133091500330213 0.16114292864374535 0.009381371085786693 0.026482716386372278 1.6752559988258803E-6 
English/CKTAUS_hardware1.en,0.010516607985740086 0.06755071288234074 0.06698735631169446 0.24369442728737847 0.07126824191109214 0.17111588235066721 0.05427284775012656 0.21890226066917842 0.09568987148817763 1.7913636003806234E-6 
Dutch/CKTAUS_hardware1.nl,0.007356498032435494 0.037904845740017463 0.03615792030491772 0.16452144724572354 0.44149227906226896 0.12749262881959508 0.17509014955349925 0.00613170946647016 0.0038486642359159984 3.8575391570365575E-6 
English/CKTAUS_industrial1.en,0.02343143490079922 0.12570145621854817 0.054506362524461775 0.12208402103279653 0.02468066064162972 0.2274369038078035 0.08222144268598804 0.24815602118738966 0.09177994438886677 1.752611712132164E-6 
Dutch/CKTAUS_industrial1.nl,0.03513559410452461 0.11605840481305975 0.056250877798753325 0.1363246620655928 0.3190707533109874 0.17044598934136285 0.14969366164198086 1.0423232907585741E-4 0.016664359341681957 2.514652529807714E-4 
English/CKTAUS_industrial2.en,0.028786829960315886 0.128892971477028 0.048327036390225245 0.12285531641073905 0.0279766721437236 0.23254729461416226 0.0835941939520201 0.23782661889744314 0.08919132368455981 1.7424697784711872E-6 
Dutch/CKTAUS_industrial2.nl,0.03646490739476015 0.11198553018896754 0.057325576331631045 0.13037991191924797 0.3088191927561643 0.1731713050768418 0.16204229540665643 2.5067642431013973E-4 0.019549412324609248 1.1192176811283065E-5 
English/CKTAUS_industrial3.en,0.014730290225840366 0.12999809770853435 0.057084496084380876 0.11840169867532913 0.026456743515301504 0.22744064590574387 0.08839305928061919 0.2360985587828987 0.10139472957970251 1.6802416450211955E-6 
Dutch/CKTAUS_industrial3.nl,0.0344221010849648 0.1282906665457694 0.04994024065677364 0.11729224930726742 0.3148401054145457 0.17325838865421334 0.16474852994711423 6.117823424041562E-4 0.016338220079926365 2.5771596702114176E-4 
English/CKTAUS_industrial4.en,0.03160740461199454 0.14330811823237619 0.05244093910546749 0.13256265208466295 0.024030716551939488 0.21936198630293025 0.07160708249806204 0.24220155516792052 0.08287766024643677 1.8851982056174471E-6 
Dutch/CKTAUS_industrial4.nl,0.03404082480002406 0.08700924539445054 0.06820592669668636 0.16228789223073756 0.2761236656480074 0.1816652532205336 0.1661544158719166 9.663524355574926E-5 0.024409393783984358 6.747110103559228E-6 
English/CKTAUS_industrial5.en,0.015364626761987776 0.14086017762811331 0.06223291950236585 0.13363645551710263 0.021764968729125398 0.23292287212150495 0.05987967160700444 0.23123209568094963 0.10210434034189018 1.8721099513563877E-6 
Dutch/CKTAUS_industrial5.nl,0.039356796990604896 0.07829925118039975 0.0597091286116821 0.13706454145667932 0.2617657100373728 0.22136600799753026 0.18986528631975358 2.2290943486935518E-4 0.011468788532207803 8.815794389001177E-4 
English/CKTAUS_legal10.en,0.009096521290197404 0.04761173949773873 0.037079730138008006 0.40909019027421917 0.036005937219495694 0.12501504752084366 0.03876098293711187 0.11932787671168937 0.17801091895270724 1.0554579935091412E-6 
Dutch/CKTAUS_legal10.nl,0.05066589892569993 0.036585123544775854 0.034842549941172675 0.49104681221922036 0.1509968532093092 0.11760244338367479 0.09766313828136393 5.293830497643701E-4 0.02006489538243276 2.9020625861995306E-6 
English/CKTAUS_legal11.en,0.008267488858951124 0.04353791515234026 0.024606381858887246 0.45522757357325144 0.012912175568613614 0.12710261113981888 0.028908051865447204 0.10290665638914173 0.19653028737426145 8.582192926906412E-7 
Dutch/CKTAUS_legal11.nl,0.03993156803122243 0.03240753360507959 0.022320053765439187 0.5601617012643106 0.12270533555191451 0.0890843395572041 0.12172913276632302 7.808148205369252E-4 0.010877218988895038 2.3016490723547482E-6 
English/CKTAUS_legal12.en,0.004528340436828308 0.049520470672585755 0.03538881198274367 0.4298401700635382 0.022582155694871046 0.12427767324364283 0.020655314041017864 0.12285989107708749 0.1903462552486197 9.175390705311247E-7 
Dutch/CKTAUS_legal12.nl,0.039288606888861384 0.034241482527418016 0.04619844210775344 0.5184699387581672 0.1276928057606113 0.08567338038993119 0.1319664455738704 0.004304536302523461 0.011975618169342325 1.887435215202064E-4 
English/CKTAUS_legal13.en,0.017978576949736997 0.04061013723930872 0.051456140375489665 0.3318884162856945 0.02154392694958378 0.13998835039701668 0.056541920138193404 0.1772747338659991 0.16271628720332376 1.5105956595713295E-6 
Dutch/CKTAUS_legal13.nl,0.0420014274723494 0.023324974428523815 0.04454786909138246 0.4398994853103571 0.12196938977621827 0.1309826044003941 0.17618710322173606 0.014952931322903519 0.005939589576985999 1.9462539914842246E-4 
English/CKTAUS_legal14.en,0.015652886339735172 0.04188087313552856 0.04009994159881975 0.3486894039186771 0.09552791296250225 0.0867774966961595 0.025847638153126865 0.12438790293456839 0.22113074788505624 5.196375831747293E-6 
Dutch/CKTAUS_legal14.nl,0.017560466816615702 0.018821963398446467 0.04609051741798885 0.45686520852214935 0.14587082361499012 0.09525427113649294 0.20653082938599415 0.009378657231577152 0.0036246514789301976 2.610996814022139E-6 
English/CKTAUS_legal15.en,0.015404647628275259 0.05512641659925163 0.01737887271785708 0.41100190544172965 0.0472507855309271 0.1180684700828051 0.028398352616626907 0.08510446021519157 0.22225746020765008 8.628959687289133E-6 
Dutch/CKTAUS_legal15.nl,0.020348460343560484 0.027555158535275365 0.074813127109508 0.4459606079487222 0.13432590360538094 0.09102717559785167 0.18841764771179734 0.008599989420427945 0.008948799891021935 3.1298364509449482E-6 
English/CKTAUS_legal16.en,0.026538534074020355 0.05661588060518308 0.025989383417219063 0.32934088911243803 0.09696860696272015 0.09726958020108926 0.036131962826319024 0.10550969215850703 0.22563472264308262 7.479994257923214E-7 
Dutch/CKTAUS_legal16.nl,0.031411528226528214 0.03261656157713043 0.051114520859763965 0.38046811112522605 0.1297104368943675 0.08833437249729585 0.23416170389691038 0.0466709141922838 0.0055086498199681585 3.2009105225693467E-6 
English/CKTAUS_legal17.en,0.00688030777503598 0.05573267906011242 0.025783332784924493 0.3833628829009753 0.08028051047736004 0.10178790255722557 0.0336468668497181 0.11263132400247666 0.19989339789052668 7.957016507852026E-7 
Dutch/CKTAUS_legal17.nl,0.030819964838967876 0.03480249331978547 0.03705505969047576 0.41314195532404546 0.14172956770672873 0.10855529636954502 0.1850443282029397 0.035376454934186806 0.013472523638353648 2.3559749694156083E-6 
English/CKTAUS_legal18.en,0.011813808587243043 0.04836537559269654 0.022423062886992452 0.4409183604016526 0.0618397621106566 0.10505396723287232 0.027301178289987838 0.09525891944576342 0.1870248079500298 7.575021098642471E-7 
Dutch/CKTAUS_legal18.nl,0.03164608986724754 0.03031263964484327 0.03835785637657815 0.5228218794427323 0.13188596477192055 0.09558817200069074 0.1333408793624669 0.006863183409317341 0.00918011193726511 3.223186934975368E-6 
English/CKTAUS_legal19.en,0.019133451309948545 0.039214566678048596 0.033216968400595716 0.40718859096440035 0.0594087503489225 0.12041863764287433 0.028363837549112387 0.09377874406459111 0.1992756423438058 8.106977064870136E-7 
Dutch/CKTAUS_legal19.nl,0.01586761743648944 0.027983906955262754 0.07606381000422321 0.4908494236490398 0.11596359025550934 0.09978509814071952 0.16326547741116912 0.002409521999825264 0.0078094290174289364 2.1251303299148977E-6 
English/CKTAUS_legal1.en,0.009113350661877708 0.028932751300066988 0.02150439948026081 0.43568449180754765 0.02488399381889852 0.11875385546827802 0.023548367919663842 0.09585467243692464 0.2417233979008824 7.192056014545387E-7 
Dutch/CKTAUS_legal1.nl,0.02448299224961054 0.03692355049583428 0.099037116318366 0.4865108592256789 0.13822071778683792 0.09488221716942326 0.11161793851910458 0.001958616535188118 0.006364066936009738 1.9247639434888832E-6 
English/CKTAUS_legal20.en,0.013371579394749452 0.05059146326842143 0.026407589400966863 0.39285536947550587 0.07456608649184779 0.09693940029884143 0.03805674721595214 0.12719672214623376 0.18001419586912998 8.464383571371311E-7 
Dutch/CKTAUS_legal20.nl,0.01670068458008752 0.043525514970305205 0.05422782292186998 0.4648249787627885 0.14557700032650114 0.1285636674084679 0.14160405641561105 9.562627628096266E-5 0.004740310808364459 1.403375297206886E-4 
English/CKTAUS_legal21.en,0.010951665152766755 0.0334625170209201 0.03749752696737029 0.4132120719223759 0.06538853104364811 0.11512986903239003 0.05464999130796519 0.0909828369306423 0.17872417948745206 8.111344752813395E-7 
Dutch/CKTAUS_legal21.nl,0.019862041958215518 0.02777803864890244 0.09917148988562702 0.4776051764411957 0.12031025565282323 0.07842474725715194 0.14029081327235465 0.010953581605899453 0.025600694931212076 3.160346614970297E-6 
English/CKTAUS_legal2.en,0.009326830282054685 0.06856807240256646 0.024015130173460828 0.4314816684335221 0.053689619821330706 0.12310794924456099 0.029664799204172077 0.08506904404386205 0.17507603549121492 8.509032608468113E-7 
Dutch/CKTAUS_legal2.nl,0.025113009099275233 0.035192432022538585 0.06971003444830498 0.45234562080683116 0.13846760152898965 0.11848324301866474 0.13999514710263505 0.006822453080726249 0.013866420708568465 4.038183464246368E-6 
English/CKTAUS_legal3.en,0.021618248170140103 0.02249664867892239 0.03860215272515119 0.30208462822825555 0.1670359555867477 0.0981857010794045 0.020768076954123364 0.1565799519043104 0.17262735982211722 1.2768508298048323E-6 
Dutch/CKTAUS_legal3.nl,0.018609053827093595 0.017527274820323898 0.10226653440360296 0.38107359270768587 0.1880201938324326 0.0849864417845601 0.1897963965496781 0.015650998990895875 0.0020657737097486716 3.7393739796285652E-6 
English/CKTAUS_legal4.en,0.11645556413141318 0.05247919708995524 0.049956516522155735 0.24902177634416528 0.19965209714603668 0.0729119121886808 0.05391560365177407 0.1128035488943372 0.09280185495169294 1.929079785223327E-6 
Dutch/CKTAUS_legal4.nl,0.0047410732487637355 0.017152682585002722 0.15266810547610624 0.31230546618256233 0.2038346896008472 0.14745221864338656 0.15979718700741227 0.0014524103210795513 5.875039022208802E-4 8.663032617490487E-6 
English/CKTAUS_legal5.en,0.04422741103950358 0.05451832876732152 0.03073173087839421 0.31456438843050283 0.15226097639806624 0.0787173815605028 0.05927603850920856 0.14033478507525593 0.12536760799674063 1.3513445042400874E-6 
Dutch/CKTAUS_legal5.nl,0.02334633818507658 0.03934452577693649 0.10102014575926255 0.4098348201814472 0.16684465856947608 0.11291572716142324 0.13098159640536197 2.4767719641165015E-4 0.01546020863771977 4.302126885473993E-6 
English/CKTAUS_legal6.en,6.578910847341895E-4 0.050116282232763244 0.03514852540503825 0.3993249792628514 0.11495220699159907 0.08508948761059319 0.05150004636349727 0.1042138396709135 0.1589958708774806 8.705005354551988E-7 
Dutch/CKTAUS_legal6.nl,0.017937254187352723 0.043019081182154965 0.06945599153257409 0.5114100394583507 0.12090580812934676 0.07847178124124934 0.15345701441907983 0.004835544975795938 5.052660475765934E-4 2.2188265167374962E-6 
English/CKTAUS_legal7.en,0.011354429306663829 0.04658328603920672 0.02117723800639622 0.4062468218322811 0.07392109333368775 0.10011470485208229 0.04835911251794337 0.10725403088423309 0.1849884527035217 8.305239898708734E-7 
Dutch/CKTAUS_legal7.nl,0.014096579302899747 0.02984424763821758 0.058134778823633985 0.4844805093067208 0.12710345592026046 0.11819691961313943 0.15460463130047553 0.005597168008812346 0.007939650839708167 2.059246128990441E-6 
English/CKTAUS_legal8.en,0.012802442583099195 0.03871615158543282 0.01938371756435145 0.4355050152217491 0.03478831589466598 0.12306303641830973 0.025698848629124516 0.1123061735468171 0.19773547918170006 8.193747560504023E-7 
Dutch/CKTAUS_legal8.nl,0.029590094300792843 0.03105267098817966 0.0424398912103842 0.5113460547401515 0.13119747558271203 0.09617746090526794 0.14381126452022674 0.002648454430085029 0.011734546484687582 2.0868375096471214E-6 
English/CKTAUS_legal9.en,0.020872922204727015 0.0617048024980667 0.01747369510710829 0.3971975278613331 0.07980623624409994 0.08925921608136908 0.060625154282284585 0.09556020304669681 0.17749928088120379 9.617931161826481E-7 
Dutch/CKTAUS_legal9.nl,0.024036746244603897 0.04444199948440217 0.056342620025086554 0.4384662740991879 0.15148512404962458 0.11768705825060373 0.15861784098549142 0.008053961013199641 4.0775605848029873E-4 4.606197893184737E-4 
English/CKTAUS_pharma10.en,0.007111134289632348 0.08618104359017652 0.046784827546878745 0.17028947739156874 0.39102181430250177 0.0919244790034093 0.022927018535798573 0.12255436777797415 0.06120339484125094 2.4427208131391585E-6 
Dutch/CKTAUS_pharma10.nl,0.02453352381898747 0.08271833333160798 0.29229896806928835 0.23276869390354255 0.08492612474478381 0.07455023086131712 0.18961592101906322 0.013056031103521075 0.005528966120515097 3.2070273753497334E-6 
English/CKTAUS_pharma11.en,2.915545856541058E-4 0.10704818953733322 0.022731474978530217 0.18597914060939638 0.4010452995223627 0.043258930425565376 0.0372012346444434 0.11333241358593352 0.08911065673577238 1.1053750124531275E-6 
Dutch/CKTAUS_pharma11.nl,0.06112350557744163 0.054394811855896584 0.13726060257250214 0.27333648784359016 0.1179210932904591 0.126783351793798 0.21454822470867935 0.014274494014750973 3.510387929252992E-4 6.389549958137149E-6 
English/CKTAUS_pharma12.en,0.006639376798741492 0.057638027665294266 0.04821544637990573 0.17402558869918153 0.4120614362022338 0.07973362345398659 0.031144954958231854 0.11024980012764064 0.0802905848704051 1.1608443822654585E-6 
Dutch/CKTAUS_pharma12.nl,0.023919837732411468 0.20020508825251454 0.16595396650999322 0.26635520058501755 0.10576654779524704 0.08953263890044763 0.13184661412904 0.014922303619302968 0.0014942309061077648 3.5715699188058656E-6 
English/CKTAUS_pharma13.en,0.002633071977214213 0.061449750006370735 0.03832805511350011 0.1854138176180881 0.4307273945825894 0.07841318586210275 0.027392403332800023 0.10395622116651473 0.0716850499148104 1.0504260144440486E-6 
Dutch/CKTAUS_pharma13.nl,0.06779681825074366 0.09294623355450111 0.16651818015249997 0.28190100923120376 0.10297711810951146 0.13173772254894725 0.1367922232345524 0.017613724299242763 0.0011645902247070144 5.52380394091894E-4 
English/CKTAUS_pharma14.en,0.004227841369409575 0.07195797976511023 0.03963001544375842 0.18067111036307631 0.41876452471794395 0.07465165069120464 0.032228251650705704 0.10080257069339978 0.07706492255504446 1.1327503507612462E-6 
Dutch/CKTAUS_pharma14.nl,0.06695496736183941 0.1160246107886823 0.1440403399028366 0.24803464797591604 0.0857003115262117 0.1685815923228043 0.14195614501719572 0.021187165286216312 0.0071731863153952965 3.47033502902725E-4 
English/CKTAUS_pharma15.en,0.007162820102262191 0.06002527707156788 0.02979142000570493 0.21269565351196118 0.41670162860849363 0.06333193275160842 0.023021872593440653 0.11117136216728558 0.0760969267972888 1.106390390684118E-6 
Dutch/CKTAUS_pharma15.nl,0.046509199082792864 0.09005584537030327 0.15799204705126735 0.24248682052992915 0.08505767494278446 0.23776312964645782 0.12320223128408678 0.015540291976379786 0.0012485479331267285 1.4421218287072047E-4 
English/CKTAUS_pharma16.en,0.015579804429265232 0.06348004757849178 0.0559176788089461 0.18570086559670643 0.39101752139886237 0.08004630396101023 0.025984030792780607 0.10615026820914719 0.076122136716865 1.3425079253071296E-6 
Dutch/CKTAUS_pharma16.nl,0.041881755812663686 0.07775662559710773 0.19269524993870477 0.2348855389103142 0.058235252642280196 0.18791846437473197 0.14169203879555448 0.052660569027698154 0.012271395566236638 3.1093347098041325E-6 
English/CKTAUS_pharma17.en,0.010271279147175311 0.042280179322270676 0.08884368500580106 0.16792310150588435 0.3938765277946342 0.08466159610828292 0.02419178609132786 0.11827635057597154 0.06967434461243545 1.1498362203584157E-6 
Dutch/CKTAUS_pharma17.nl,0.022448712631777876 0.05621778639641312 0.1660716113205114 0.3589110709292216 0.07336398043729356 0.11650199848815819 0.15173899060093649 0.028928877968929373 0.025814338159306796 2.6330674511840726E-6 
English/CKTAUS_pharma18.en,0.007942802683316262 0.05725938535414733 0.037362282408515045 0.19727573289140937 0.38864257543998215 0.0884796974932279 0.028444682220597317 0.1068111396242888 0.08778051992767004 1.1819568487172203E-6 
Dutch/CKTAUS_pharma18.nl,0.022663698245279622 0.04498450260746915 0.1455371830230406 0.37243627312026883 0.08059062107911256 0.09252020341913259 0.17437839613972636 0.01389546992307306 0.051831298774660424 0.0011623536682365586 
English/CKTAUS_pharma19.en,0.006141046941459421 0.12743167486258825 0.0536532479203813 0.1796833931477575 0.3592069269054595 0.06632351380069525 0.04919908248322684 0.08118518964140167 0.07717366533324067 2.258963788339553E-6 
Dutch/CKTAUS_pharma19.nl,0.023668389792031185 0.06101581105874857 0.14079330962756567 0.34172948720612273 0.05859382064124628 0.12174055003875889 0.16661482652058593 0.015652770375774054 0.07018757598792061 3.4587512475093693E-6 
English/CKTAUS_pharma1.en,0.012201019069365004 0.09966997393800092 0.044518137714441956 0.18767389521477845 0.37246579383134815 0.07030450066433301 0.029830564893111505 0.11224397368280964 0.07109105266303006 1.0883287851496385E-6 
Dutch/CKTAUS_pharma1.nl,0.015168207753688143 0.0944592203331063 0.15685305275340078 0.2929939802296766 0.08829782644870715 0.07150563325287794 0.13126829909882562 0.11797101602555522 0.03148014667679274 2.6174273689710965E-6 
English/CKTAUS_pharma20.en,0.010981205593529119 0.09629180960025618 0.04503353274349337 0.19687817267318938 0.3213902540930664 0.08636603028160138 0.04742634346344505 0.10779892205663386 0.08783256008467856 1.1694101096930755E-6 
Dutch/CKTAUS_pharma20.nl,0.03746260491754973 0.054840110539529176 0.11582068392374761 0.44176882118263394 0.07326132992215537 0.10072825687282962 0.11933293450185771 0.021180857288563212 0.03559992811534761 4.472735785602184E-6 
English/CKTAUS_pharma21.en,0.019938610772412362 0.06422625399726674 0.0372864091223637 0.1907043005202904 0.3455882488661785 0.10870722525835334 0.03546013688036826 0.10881191505440836 0.08927565229485075 1.2472335095059645E-6 
Dutch/CKTAUS_pharma21.nl,0.021778847899360142 0.05307319279341531 0.144247671419469 0.4263766145510555 0.07693267947767152 0.08982826493341141 0.1221774745293404 0.024896227909294143 0.040686155780567224 2.870706415652419E-6 
English/CKTAUS_pharma2.en,3.0970003193592124E-4 0.09782928512302157 0.030022200880102615 0.19670366164534092 0.3404022753814788 0.08254977987733234 0.04764070138117215 0.11177267053670047 0.09276855912907372 1.1660138443311564E-6 
Dutch/CKTAUS_pharma2.nl,0.034313972674679144 0.059370139402823666 0.13614310721719064 0.39477892549025606 0.10316189404095315 0.0834071104403634 0.11814453014593294 0.0367536709647465 0.03392196203520842 4.687587846542013E-6 
English/CKTAUS_pharma3.en,0.009063715216139271 0.07418633251725452 0.11371839631394025 0.18652431668163263 0.372770977354437 0.06908507715186991 0.02587648650635036 0.08523047481732118 0.06354213923041532 2.0842106409046777E-6 
Dutch/CKTAUS_pharma3.nl,0.024504456835590046 0.06890800011199374 0.16816770367075773 0.39260795316105795 0.07450395113087965 0.08785169665519774 0.14252808165265896 0.017953461423190487 0.022608616674894264 3.6607868377981954E-4 
English/CKTAUS_pharma4.en,0.011279059585697436 0.07629648685322105 0.1088850912708044 0.1687395451144836 0.3056763923343323 0.10441829094129274 0.041090813795281365 0.11579629035069625 0.0678161949541045 1.8348000899552903E-6 
Dutch/CKTAUS_pharma4.nl,0.02449934071708745 0.051537410175079214 0.1383067021572245 0.41226128460733436 0.11007152835954022 0.06588776587613464 0.15052268568515104 0.014293731118709756 0.032616923215535935 2.628088202415699E-6 
English/CKTAUS_pharma5.en,0.0017231532463152421 0.05996876940709647 0.09299805152324092 0.23169521544097474 0.29510740281442843 0.12075855454720029 0.03631484210136785 0.09615318889181726 0.06527956042350277 1.2616040579506235E-6 
Dutch/CKTAUS_pharma5.nl,0.022137599725876395 0.06580170645444103 0.14859456569927565 0.34832696685735937 0.08893074128232113 0.08217376255319721 0.19717175573614862 0.01772201766039367 0.028550934601868194 5.899494291199626E-4 
English/CKTAUS_pharma6.en,0.0018677079944037674 0.05956794877111767 0.10754941684451017 0.1685600499349559 0.37047767190831593 0.10692102759877756 0.03156708377755841 0.10127677425094403 0.05221127202373793 1.0468956834742345E-6 
Dutch/CKTAUS_pharma6.nl,0.04862101708344589 0.0671414483546996 0.1565018809651794 0.3894374585110572 0.0898243322830746 0.0717951582565159 0.14770937047311256 0.01097486516048205 0.01798987577726716 4.593135166120186E-6 
English/CKTAUS_pharma7.en,0.0034932865920473894 0.05653059816272262 0.11315377476420417 0.2038325575045604 0.2633706049079338 0.10794175306488508 0.030177123611946736 0.11298189875798845 0.1085171177920699 1.2848416432273533E-6 
Dutch/CKTAUS_pharma7.nl,0.03251955593679666 0.0733926205124557 0.11046929282664174 0.43548603663559676 0.06617202300306213 0.0890366170170684 0.15425948652389698 0.02123994024103177 0.017421535923007245 2.891380442879892E-6 
English/CKTAUS_pharma8.en,0.10390797320881781 0.05760903543832905 0.06867524839978413 0.1863722180110197 0.2830037714103918 0.07406423023078153 0.03360796990448109 0.08837656264348857 0.10438168388462066 1.306868286606421E-6 
Dutch/CKTAUS_pharma8.nl,0.026657126584429935 0.05788262020378874 0.14476862053806275 0.379046546554198 0.08187365159360618 0.07309483423150369 0.16137648163536703 0.02081181080957075 0.054292132147869224 1.9617570160509806E-4 
English/CKTAUS_pharma9.en,0.07915948010277404 0.06810452240743892 0.04225088079839163 0.184831580349433 0.35166950405542446 0.08011905180326653 0.029630309530852238 0.10029283962903386 0.06393978640576313 2.0449176236893986E-6 
Dutch/CKTAUS_pharma9.nl,0.027969449793516735 0.039167774470304915 0.2289366500091505 0.3113029038003707 0.07908763850123471 0.08697643235941883 0.18690592197586822 0.012720300523748139 0.026724792932916856 2.0813563347252834E-4 
English/CKTAUS_software10.en,0.10838310259392811 0.05811042704832589 0.05150155793648683 0.18673102031120486 0.3019042781018681 0.08015193406364106 0.030268015674760812 0.10864335946437262 0.07430528933159711 1.0154738192109523E-6 
Dutch/CKTAUS_software10.nl,0.033022163837340905 0.061523982869557146 0.14096135851653946 0.3708086234312271 0.07946980558073236 0.0904139851197911 0.14327342262551465 0.026307572387089088 0.05376430287110175 4.5478276110544406E-4 
English/CKTAUS_software11.en,0.095023429307197 0.0626811018952487 0.056059932874347164 0.18575026060804573 0.29702797270489756 0.08542100501045975 0.03797792494998957 0.10252446692114821 0.0775328774823279 1.02824634327085E-6 
Dutch/CKTAUS_software11.nl,0.030951100080862763 0.05556801173199836 0.13474021880693146 0.3815080647632053 0.07989162570366222 0.08449783368816603 0.1615542741146513 0.026426344053811193 0.044529427421098604 3.330996356118527E-4 
English/CKTAUS_software12.en,0.07657024889178847 0.05958935041386992 0.05256472119272836 0.18555802666522186 0.3101721887251725 0.1004418908804001 0.032650436581557245 0.10898106117616504 0.07347106994631585 1.00552678540889E-6 
Dutch/CKTAUS_software12.nl,0.029803785065548122 0.06173836334852206 0.14157575614321777 0.38346467943940604 0.08491764243618123 0.08667261261277279 0.14045799078475196 0.023911938315289528 0.047454801725371386 2.430128937817888E-6 
English/CKTAUS_software13.en,0.07891121516240805 0.061422305375944404 0.054771632280478155 0.1725654733703607 0.3067729817555243 0.09631926770643004 0.04102659234464801 0.11003312536983409 0.07817638066530407 1.025969072870505E-6 
Dutch/CKTAUS_software13.nl,0.029588501043704887 0.06847943382797006 0.13537104776343506 0.3708978978033373 0.082996647756892 0.07805178995300761 0.1618834830698637 0.024820819771499678 0.04790788411376418 2.494896524515541E-6 
English/CKTAUS_software14.en,0.0784636752280887 0.06273376611783069 0.054956526664319334 0.17969356366382613 0.3062127485224623 0.08607002550516048 0.05006080462392588 0.1043389838135355 0.07746893125248346 9.746083727910418E-7 
Dutch/CKTAUS_software14.nl,0.03867172765744356 0.05722204255026285 0.13470637363588364 0.38014972577506084 0.07692481582335756 0.09064478584674639 0.14712222174000472 0.024874032257212356 0.04954233524158335 1.4193947244320107E-4 
English/CKTAUS_software1.en,0.06754813022865394 0.08238474436054566 0.06672361336138757 0.19330453284046842 0.19078340575362052 0.12005186815178784 0.1288409784988875 0.08154670409186016 0.06881473823653537 1.284476255272225E-6 
Dutch/CKTAUS_software1.nl,0.018383531226446696 0.05127897417330841 0.11224700317309429 0.3626198261598522 0.09483584564375647 0.13467523938084383 0.15289812908611564 0.021644979033332963 0.051249176242321656 1.6729588092799624E-4 
English/CKTAUS_software2.en,0.08086993913632552 0.06353277813231058 0.04823107968081767 0.18853552351874803 0.2990280289448513 0.086594646347197 0.04669106015699791 0.10986809004664937 0.07664784468933827 1.009346769065765E-6 
Dutch/CKTAUS_software2.nl,0.035766956468720135 0.05906895111356692 0.13391675503832132 0.3792170014692214 0.08293461946446175 0.09678798300034164 0.15186966597028073 0.02194483298888876 0.03849081477232026 2.4197138757762E-6 
English/CKTAUS_software3.en,0.08352217585141898 0.055631547771404145 0.05341144469159546 0.18674107142213645 0.29654043629224036 0.08900677376162168 0.04754694993708074 0.11217071503153796 0.07542785511853184 1.030122437077409E-6 
Dutch/CKTAUS_software3.nl,0.031005829222085314 0.06480337243462807 0.13380514883081027 0.3795301560803692 0.07605673741269948 0.0905431514217406 0.15635679762902616 0.02102082097280092 0.046873963955074996 4.022040763951436E-6 
English/CKTAUS_software4.en,0.08124044335357858 0.05516039579845501 0.052515434599322786 0.18867087714467087 0.309707079432082 0.08467381100560516 0.04796492534397353 0.10134061150427297 0.07872545129333433 9.70524709849754E-7 
Dutch/CKTAUS_software4.nl,0.03082764850210498 0.0651592182351738 0.13581338865151396 0.3811948733658776 0.07866270724759343 0.09662036420348892 0.14039464655834893 0.019531833915649468 0.0517929500600062 2.369260241256151E-6 
English/CKTAUS_software5.en,0.08480235921536976 0.057532573945493784 0.05353152137900974 0.18529581136245896 0.2978294341979934 0.0866957903182256 0.048758013754546414 0.10922302006183374 0.0763304887508076 9.870142660471786E-7 
Dutch/CKTAUS_software5.nl,0.0330094225710539 0.05093425773440528 0.1508964864064289 0.3737601901409604 0.08467674797501774 0.08906184699699357 0.14793862576762556 0.020802497464838934 0.04861574591374611 3.041790289284675E-4 
English/CKTAUS_software6.en,0.0729001530634984 0.05896119941911769 0.05252657176628294 0.18107444206145096 0.30074916239103566 0.09180972101728631 0.05284446093561859 0.10841561038914757 0.08071769831756397 9.806390030568155E-7 
Dutch/CKTAUS_software6.nl,0.030194975326309704 0.056449729529731665 0.1457339445064626 0.3755122565048034 0.07924458948469976 0.08968088094813376 0.15810602107549698 0.024878767534707375 0.04005035684888187 1.4847824077180563E-4 
English/CKTAUS_software7.en,0.07920990785325446 0.06534441045394865 0.046644664984372045 0.18052326657466392 0.3101135587073939 0.08565616062116295 0.04293666574464206 0.10992992245726387 0.07964045434727236 9.882560306910197E-7 
Dutch/CKTAUS_software7.nl,0.026278681805436074 0.060529909519240414 0.142259620598721 0.38086599230643636 0.07655510648268686 0.09506192781302587 0.14606038848998204 0.02587568755737297 0.04603201516393565 4.8067026316166985E-4 
English/CKTAUS_software8.en,0.08180757537321352 0.06371675572482835 0.053635049113903835 0.1825550876470375 0.30038455007007886 0.0864139586886737 0.048181767280779775 0.10606069500323392 0.07724354304948823 1.0180487667062968E-6 
Dutch/CKTAUS_software8.nl,0.032522845207163024 0.069392323204439 0.14083707246511618 0.3809269153057647 0.08075823366352843 0.09146344670998345 0.13567605450163506 0.02385290280523799 0.04441871050747669 1.5149562965438148E-4 
English/CKTAUS_software9.en,0.07744665722007538 0.0634090015434982 0.05408493120843451 0.18005541514052226 0.3038408008717196 0.08341928780047618 0.05116698434066902 0.10764696858176336 0.07892833906863049 1.6142242158149397E-6 
Dutch/CKTAUS_software9.nl,0.032132795617423625 0.060349272650805086 0.14714205231898922 0.3712735217073358 0.07382477680732716 0.09813685689361541 0.1439072537951296 0.02924920438019047 0.04352634380990613 4.579220192763119E-4 
English/CKTAUS_undef1.en,0.022894372236648586 0.06990652454608666 0.05358016772528906 0.2476270175038948 0.1473765780206122 0.10140465826749412 0.13640678928397956 0.09806334595197884 0.12273830898033795 2.237483678287905E-6 
Dutch/CKTAUS_undef1.nl,0.03804890130710082 0.03856787650694573 0.10081199978086729 0.3252345558822845 0.14148087035883783 0.14447091231657483 0.1682564519158092 0.019761422917116054 0.023363831877578536 3.1771368867264496E-6 
English/CKTAUS_undef2.en,0.010383285956449943 0.03733666593032466 0.02467848492331461 0.3990039892731055 0.07270243805896456 0.09558943473583437 0.05988672400596536 0.07650446757140993 0.22391357225102862 9.372936081804608E-7 
Dutch/CKTAUS_undef2.nl,0.017386626042271754 0.01288933400083978 0.045161723936791354 0.5639820614112164 0.125324935224059 0.07884895831306596 0.11674755446442545 0.012167047300280193 0.027486943792691166 4.8155143560794024E-6 
English/CKTAUS_undef3.en,0.011392491279386845 0.03380056920967284 0.02110787502354883 0.4294237486831652 0.043757455510117844 0.0823156638332744 0.028766705687669786 0.07862568217977135 0.27080903882692586 7.69766472569861E-7 
Dutch/CKTAUS_undef3.nl,0.019391892910046553 0.014684024263750654 0.034462993296895304 0.5995114439444722 0.10545493390308369 0.06872557958313766 0.11715348361191998 0.011823173288625626 0.02878958558164275 2.8896164218372874E-6 
English/CKTAUS_undef4.en,0.015180141220589098 0.03320877381574732 0.021308963172799476 0.42637695828324595 0.04606109166479201 0.08499125608925767 0.026145177661886985 0.08314480014876391 0.2635778814232125 4.9565197100888915E-6 
Dutch/CKTAUS_undef4.nl,0.021469127705547944 0.010279101194553495 0.03953915495327064 0.5994884333622948 0.09857453040783219 0.07747188035237425 0.10933623991808444 0.012593629142734153 0.031246166355630295 1.7366076738423578E-6 
English/CKTAUS_undef5.en,0.010948516711066354 0.08337932605712797 0.04638621825030271 0.30202083330378027 0.053414403811607794 0.14755388900833838 0.15399953036402256 0.0520831698987682 0.15021278156021517 1.3310347719253065E-6 
Dutch/CKTAUS_undef5.nl,0.032602812528446476 0.02464062584010095 0.05879670815110646 0.397679188016029 0.13263632122905816 0.1121286121298539 0.13419060976053035 0.019184880806405725 0.08813571327098224 4.528267486510997E-6 
English/CKTAUS_undef6.en,6.756921061026972E-4 0.07316744399265525 0.045813923819268305 0.2878780848627427 0.05388002407637012 0.19783034797738466 0.1429220709039632 0.051416724680387715 0.14640688955157607 8.798029548424396E-6 
Dutch/CKTAUS_undef6.nl,0.029865219049730763 0.027675470036029225 0.12825154332033217 0.3688799222289077 0.13222266623665452 0.12032480502014678 0.13221593279096072 0.0023384016256547094 0.05819857828187613 2.746140971006421E-5 
English/CSTAUS_business10.en,0.07561634025619253 0.05146378908187582 0.10006524942943351 0.26310130897648926 0.06267399837294158 0.23383373144768294 0.08880300488577868 0.047119940687526916 0.07732069262784022 1.944234235515659E-6 
Dutch/CSTAUS_business10.nl,0.02846455958968709 0.04555872346203264 0.05371161219610927 0.4066735479290152 0.12309719132714765 0.11290953248747117 0.1546896000430446 0.00238527171756955 0.07250569266385619 4.268584067519448E-6 
English/CSTAUS_business11.en,0.05127522634472368 0.042140448461207146 0.1350432635874371 0.25575707494655764 0.07146406261944711 0.21514439153711162 0.09634149815314058 0.05499015542803029 0.07784190149155074 1.977430791383069E-6 
Dutch/CSTAUS_business11.nl,0.03519109029605046 0.020394793612019922 0.04224631336005836 0.3828107112096582 0.13039499682087788 0.12431017918369647 0.17370055358922804 0.007801180631686026 0.08314562760289337 4.553693832101833E-6 
English/CSTAUS_business12.en,0.04668791365591782 0.05395614405321261 0.12701970907907117 0.2697603491348065 0.06059627857520991 0.23414314920945659 0.07204330360996193 0.053852304977476 0.08193878540297338 2.06230191125457E-6 
Dutch/CSTAUS_business12.nl,0.033750673515962414 0.029943951530375584 0.04730850268694865 0.390133683404969 0.14191514102309719 0.1420103840923792 0.12421992850463597 0.01603590608355511 0.07467702863230814 4.800525769059773E-6 
English/CSTAUS_business13.en,0.029224905258654236 0.05816276106477104 0.1330891281474193 0.27652388989615523 0.06152519183268547 0.24286567075927182 0.08827072074225538 0.054259737560692016 0.05607590427865218 2.090459440794871E-6 
Dutch/CSTAUS_business13.nl,0.03450920042800906 0.02244313208036888 0.044815435202179475 0.42517675637036395 0.13228336662429463 0.11372902519508413 0.14887759435042638 0.004675444735861334 0.07348540834466953 4.636668743442234E-6 
English/CSTAUS_business14.en,0.05819998578186652 0.037540046602818906 0.1279191026907395 0.2748842512638274 0.07795622883661273 0.18578526528708733 0.10882449604032993 0.05050181287775785 0.07838602660078198 2.7840181748326885E-6 
Dutch/CSTAUS_business14.nl,0.022192665423152 0.03253672422595853 0.043438687737852595 0.39147729137984405 0.1602708091581537 0.11943454268752349 0.1682247025506745 0.004617409891802871 0.05780077039130941 6.3965537301189255E-6 
English/CSTAUS_business15.en,0.06761801025788952 0.042240956962170735 0.12112198162752959 0.2598003089815068 0.07161756489480157 0.20683152666376778 0.09884783802035667 0.05930856374166282 0.07261140914792481 1.8397023867092007E-6 
Dutch/CSTAUS_business15.nl,0.04274345213588214 0.028041870456100796 0.0389819791625666 0.3840690994414423 0.15296641808605907 0.13031131322961959 0.14987248929285127 0.01297296843298144 0.060033591704968046 6.818057529660527E-6 
English/CSTAUS_business16.en,0.05184040688577463 0.051236556589827155 0.1243419386795792 0.27063830570291475 0.06240303115466867 0.231648108952037 0.07223239799450183 0.04528866615798038 0.09036862570008838 1.9621826251467366E-6 
Dutch/CSTAUS_business16.nl,0.015481638872374782 0.023201796726563056 0.05847894515430497 0.4114423705679013 0.13943485460937852 0.1350739057276609 0.15930312169625166 0.009220642045759264 0.048358436767376174 4.28783243031633E-6 
English/CSTAUS_business17.en,0.05671921178995843 0.049398946287164486 0.13688943791243238 0.24438966397122633 0.054287118634221004 0.20378063250417763 0.09563176214687544 0.06512115410656659 0.09378024688845642 1.8257589183030409E-6 
Dutch/CSTAUS_business17.nl,0.029170239840583857 0.03681243598675513 0.03818365412366623 0.39176011753794704 0.1513383293230823 0.1275214293578309 0.1544923204466931 0.008725855821392042 0.06199153882105139 4.0787409991214745E-6 
English/CSTAUS_business18.en,0.08157706819293793 0.05264934279504806 0.10563351176299048 0.25649753246562373 0.06482811322377673 0.19520265213987667 0.09518905947051971 0.07640072860868585 0.07202020139675216 1.7899437856578392E-6 
Dutch/CSTAUS_business18.nl,0.02634227845408688 0.03412092774101325 0.047176667444317893 0.3816766631641357 0.14628474986444773 0.12097976970301007 0.1747370214700129 0.010862104686188085 0.05781576435256072 4.05312022797208E-6 
English/CSTAUS_business19.en,0.048087188211268735 0.049033258651225715 0.132923194530932 0.2741788344966042 0.05882046651430864 0.20328727160306176 0.1029982615533734 0.05677373711040843 0.07389593972465837 1.847604155970112E-6 
Dutch/CSTAUS_business19.nl,0.0225039920689718 0.02936788231274891 0.04863471582757143 0.39393996689654515 0.1247829804354306 0.1339969744340749 0.16624512983623999 0.004643518031436733 0.07588059264735446 4.24750962686238E-6 
English/CSTAUS_business1.en,0.03562344692496709 0.04632614292569545 0.12072214501843477 0.3111439871337976 0.06505348845203336 0.21831117382530732 0.07913775013368314 0.0442863935791993 0.07939316536221197 2.3066446680036947E-6 
Dutch/CSTAUS_business1.nl,0.01727828546522183 0.02156220600308568 0.04880055965605121 0.4106799623359316 0.12007052310899095 0.1048412950274439 0.19271947490422314 0.016770276946095862 0.06727195583825271 5.4607147027817295E-6 
English/CSTAUS_business20.en,0.048182169593760815 0.05160944652285422 0.11190122155369765 0.3078959482488542 0.07219992226120932 0.19896327709586956 0.0997508776218755 0.050687341466141476 0.05880810311634588 1.692519388368563E-6 
Dutch/CSTAUS_business20.nl,0.031358649713251766 0.02668286042465686 0.04583436699624832 0.4142550659614333 0.13855846982169268 0.12539607291266983 0.13829645106301822 0.004541116526988791 0.0750728751922549 4.0713877862973484E-6 
English/CSTAUS_business21.en,0.04372470022251852 0.055901686725356316 0.1270748537084132 0.2599032251056874 0.07878402390857218 0.2208919182798346 0.07832283237006678 0.06640710823295451 0.06898788131993636 1.7701266570068407E-6 
Dutch/CSTAUS_business21.nl,0.022065620634773613 0.028829322574674635 0.037463246609532035 0.38811420290006465 0.15271705139968636 0.13774412978543873 0.13279182450138455 0.013513297170923137 0.08675720625336716 4.098170156252068E-6 
English/CSTAUS_business2.en,0.04104541267032809 0.05386104129209323 0.11511173729241558 0.3056689844229889 0.04473514245699615 0.22684292227585817 0.08091928320678325 0.05349508738242416 0.07831808147161473 2.3075284956382385E-6 
Dutch/CSTAUS_business2.nl,0.02555938164934047 0.02409262308947351 0.046619391658605396 0.3857833657271658 0.1313250853785252 0.13177343803782676 0.19543677937598763 0.009261431003875692 0.050143379479369435 5.124599830020569E-6 
English/CSTAUS_business3.en,0.04950879015052752 0.046009036947619944 0.10171269886525365 0.31433428183583595 0.045567317043119476 0.24362926722612205 0.0737980987477117 0.049881247255128595 0.0755568073680603 2.454560618855061E-6 
Dutch/CSTAUS_business3.nl,0.03886718766486139 0.03747419953165448 0.05992937348249588 0.4089646486177451 0.12496239687112232 0.12021811360668316 0.1517442681390029 0.007238622919340987 0.050595670066977655 5.519100115541628E-6 
English/CSTAUS_business4.en,0.05389926847714853 0.04898993271453611 0.12729615351268148 0.29906180625517814 0.06314443993027667 0.20376413365084703 0.0798699481241426 0.05437727780616532 0.06959465337121146 2.3861578107104347E-6 
Dutch/CSTAUS_business4.nl,0.01849755540178472 0.026217588220071485 0.04399880636517649 0.3929280581707982 0.13267366317037196 0.12981896102599497 0.19395974155145468 0.00523058600521381 0.056669628444711545 5.4116444216561415E-6 
English/CSTAUS_business5.en,0.06353569716552131 0.06193976080236734 0.12499177316771252 0.3014422599201687 0.05385158469141985 0.19623057094496382 0.0733880363873792 0.05685680336021585 0.06776147729132144 2.0362689272139943E-6 
Dutch/CSTAUS_business5.nl,0.029161819983176848 0.027330930746981917 0.045855529355135455 0.39052949240092305 0.13660464847486067 0.13994855118313287 0.16338230086528532 0.004824101159542242 0.06235799154090878 4.63429005354136E-6 
English/CSTAUS_business6.en,0.04706979374813351 0.06988938021688333 0.10417690876216643 0.2830219609588492 0.07534892351445105 0.21613279189665008 0.08078633364276873 0.05658897799391554 0.06698281581989386 2.1134462856642335E-6 
Dutch/CSTAUS_business6.nl,0.02961039548056712 0.03520563082237881 0.03126063198176503 0.4071690100467637 0.1423291776502531 0.13454312175089425 0.14586105798914967 3.7926904891340247E-4 0.0736368726016491 4.832627666352635E-6 
English/CSTAUS_business7.en,0.06590305076020128 0.05582576125865572 0.1269494297647521 0.23343928751736154 0.07501658722200678 0.21071980900707898 0.09964476587901762 0.05871561967031392 0.0737836061728125 2.082747797037528E-6 
Dutch/CSTAUS_business7.nl,0.024482973533421437 0.03757382482082124 0.03661531688948795 0.38868941564858417 0.14795623572462546 0.14594526930408777 0.15134751634565408 0.007793486430361059 0.05959159997972662 4.361323231029021E-6 
English/CSTAUS_business8.en,0.06789067535141836 0.053878923385573096 0.12488834717523208 0.25725249873971073 0.05396962243454887 0.2040250111473389 0.09360057351614773 0.06404459667586314 0.0804477689353283 1.982638835975883E-6 
Dutch/CSTAUS_business8.nl,0.04462509017482974 0.04090747003823293 0.04318810966495767 0.396443504693179 0.13935755609945635 0.13247088808700688 0.13692250287740615 0.007152554982974734 0.058922669860802954 9.653521154464695E-6 
English/CSTAUS_business9.en,0.03689369997538438 0.060133969953954494 0.12328836773475331 0.2771616901338609 0.07076098173500746 0.2278243339005239 0.08080392929979102 0.04556510179013627 0.07756586552608001 2.059950505476653E-6 
Dutch/CSTAUS_business9.nl,0.036899647244910905 0.0424808162837529 0.03425245431883506 0.37766820797246287 0.14614398462262543 0.1214887899856219 0.1517794201731827 0.018994372126889068 0.07028760176857414 4.7055031455674655E-6 
English/CSTAUS_electronics1.en,0.0076664052986845435 0.09462343942939516 0.16975665090703912 0.16856577414586163 0.13975144952051646 0.08900116420362061 0.06161594053156529 0.18724499276728362 0.0817725543091689 1.6288868602041294E-6 
Dutch/CSTAUS_electronics1.nl,0.020878189992799376 0.025237107256838368 0.06398840851922198 0.372783551911985 0.10995150640104961 0.14033795467148072 0.18476005027073833 0.0028846559017908844 0.07917266443237012 5.910641727006603E-6 
English/CSTAUS_electronics2.en,0.006727868394519089 0.0814912237591817 0.1590357604422798 0.18541843895834123 0.12557504670167496 0.10827319450353971 0.08437581388412524 0.16148432666306506 0.08761670526193349 1.621431335578304E-6 
Dutch/CSTAUS_electronics2.nl,0.018060251094591934 0.023792485267352982 0.08331581223818615 0.32162759497218196 0.1389906205759983 0.1640320115715763 0.17991370968402376 0.0034801087503560234 0.0667836918390444 3.714006689600927E-6 
English/CSTAUS_electronics3.en,0.008869798209364175 0.12439306804106427 0.10576795154788103 0.2554827562927502 0.08556274603040394 0.12050694398634203 0.10798780449334942 0.07593771831997527 0.11548881169736039 2.4013815070619066E-6 
Dutch/CSTAUS_electronics3.nl,0.02120638384314757 0.050448922273757524 0.05100919535158437 0.33707172665815915 0.15074209953550544 0.14591555572313167 0.17650627090748638 0.004833503479457782 0.06191069067153975 3.5565155622894286E-4 
English/CSTAUS_hardware10.en,0.008101513950907855 0.06276303265805491 0.16625074741393198 0.2259414550156556 0.061291160186341516 0.1497331748272972 0.09032473009346444 0.15013666611658313 0.08545617111682816 1.3486209358047018E-6 
Dutch/CSTAUS_hardware10.nl,0.01582631935917734 0.04910359083862401 0.04749171692813841 0.3254782573171352 0.2580103071898156 0.09511777709409401 0.13870390794556162 0.015813941143209238 0.05408521561948172 3.689665647623546E-4 
English/CSTAUS_hardware11.en,0.01072148483036099 0.10443336178093296 0.11100546167096807 0.2280984237153111 0.06641868380788427 0.14387287417647004 0.08181474553123604 0.1733163788284178 0.08031714129660214 1.4443618152821034E-6 
Dutch/CSTAUS_hardware11.nl,0.013563717912817522 0.03929914157922228 0.05874633264268344 0.3001342210938601 0.26995421258307306 0.10080256212618158 0.14174047636075632 0.017534408255376305 0.058216500511143916 8.426934885948226E-6 
English/CSTAUS_hardware12.en,0.04821887886466474 0.0679197536593556 0.07883460074264048 0.30498530072139085 0.05462996024115374 0.16309132936759396 0.06642668337113289 0.14254988250389178 0.07334178550697135 1.8250212011405978E-6 
Dutch/CSTAUS_hardware12.nl,0.01914047589035529 0.036163136951753196 0.06789199333185307 0.28318063772397667 0.23717693989039645 0.12192073642369947 0.18404108430302588 0.006054822017559613 0.04442638627838988 3.7871889912791265E-6 
English/CSTAUS_hardware13.en,0.002365802945783917 0.13085395066107158 0.10691609936886327 0.2323585287668865 0.08491869405735077 0.1392787989971213 0.08511339221167266 0.14999148584670985 0.06820182338474602 1.4237597931816388E-6 
Dutch/CSTAUS_hardware13.nl,0.019723178307628614 0.05401999390292447 0.04382594709752719 0.30850920101072504 0.2535379329257407 0.09821562526594015 0.12849278475421905 0.01810279740333185 0.07556801387379003 4.525458172460772E-6 
English/CSTAUS_hardware14.en,9.417820711911119E-4 0.11296712295605003 0.10340617120222326 0.21639258550521762 0.07084182393757646 0.17496854196703998 0.08877986587149116 0.15036160615018634 0.08133065584449332 9.844494532910549E-6 
Dutch/CSTAUS_hardware14.nl,0.025093418723936278 0.04089873365001081 0.04338100105043695 0.2824482663912306 0.2652963496347419 0.11797528801518893 0.12451516455000489 0.029261802159739198 0.07079142187144372 3.3855395326585314E-4 
English/CSTAUS_hardware15.en,7.320345192514552E-4 0.11697029560210224 0.1429686316358915 0.17250042079573033 0.06822595883865237 0.15674810122614846 0.09982911053808402 0.15134234842335662 0.09068170443134674 1.3939894357596336E-6 
Dutch/CSTAUS_hardware15.nl,0.01409347537186964 0.05954548786721204 0.033360279966841044 0.3163479867658881 0.26909713525150086 0.09648921852745447 0.11866151506623204 0.022670427380678093 0.06903932688171514 6.951469206081632E-4 
English/CSTAUS_hardware16.en,0.007214963913703269 0.11790380433832663 0.10889575173894264 0.22706059972264023 0.06852267210104963 0.1336962663016042 0.09023172280529004 0.15846002276365692 0.08801272117295374 1.4751418308670246E-6 
Dutch/CSTAUS_hardware16.nl,0.026069481608377385 0.04633833260307323 0.060982043827082534 0.2930692444785127 0.2321172631309791 0.12166596274235572 0.15229638069002088 0.018502696412209564 0.04875175488268395 2.0683962470623293E-4 
English/CSTAUS_hardware17.en,0.0052513872673486985 0.1444930374073165 0.10531195540533912 0.2343414258852344 0.054117769365979965 0.16195120754611247 0.07188276348132151 0.1382379823499957 0.08441094891517163 1.5223761767436121E-6 
Dutch/CSTAUS_hardware17.nl,0.02109968742490298 0.04823349395857481 0.07063169036781022 0.31676942276034975 0.20874277811003686 0.1352556692548662 0.12460007352850663 0.025623215418999964 0.04884276360476868 2.012055711849378E-4 
English/CSTAUS_hardware18.en,5.093090109977596E-4 0.12844902745104006 0.11874813825367499 0.21683170441511526 0.07502320813668827 0.14328197039096932 0.08647519710284794 0.15293772256932422 0.07774236031966228 1.3623496799354085E-6 
Dutch/CSTAUS_hardware18.nl,0.02458735586343721 0.05228250053367802 0.059858064441060836 0.30606880249687857 0.2215086547964706 0.10221743838013726 0.13728463422434095 0.032802600982047535 0.06230253398386809 0.0010874142980806937 
English/CSTAUS_hardware19.en,0.007310429275024193 0.13266564911523193 0.11964362150068893 0.2425874859278102 0.05908802690136012 0.14087203482204966 0.07842521605777386 0.14680239869019568 0.07260386732342032 1.2703864470582352E-6 
Dutch/CSTAUS_hardware19.nl,0.023499440477435605 0.052910398434070055 0.062397955742564334 0.2842578877950227 0.25517896677995233 0.11647708372669398 0.13465772171204338 0.026219799741701338 0.044238648338919516 1.6209725159579912E-4 
English/CSTAUS_hardware1.en,0.004928937503921834 0.12767697292994648 0.08831050862031874 0.2189077907593892 0.058400357120101484 0.16285016801792587 0.08389854686659962 0.1895424589293376 0.06548267312376219 1.5861286930283046E-6 
Dutch/CSTAUS_hardware1.nl,0.008273573587883895 0.03491236411559035 0.055193425820756384 0.2763674933828263 0.28333231175921303 0.09403663421593628 0.17250995331292476 0.02865643697282939 0.04611623210995867 6.015747220819811E-4 
English/CSTAUS_hardware20.en,0.002121151377804533 0.11236977362923484 0.0914954236831714 0.24527558885789888 0.06602029967591508 0.15463630605985132 0.0746012420819923 0.16003362581415376 0.09344538239607109 1.2064239095670198E-6 
Dutch/CSTAUS_hardware20.nl,0.01896066365071373 0.04452826684567362 0.06700237031530835 0.3100327984421619 0.23502270554777782 0.11168486590060711 0.1394631712010421 0.025944722225925924 0.0470302650909987 3.301707797895831E-4 
English/CSTAUS_hardware21.en,0.010141517081667092 0.1015360975162627 0.09897535229605571 0.2533683198175394 0.06243585821502438 0.1418370356122073 0.0770169992432079 0.16868381724235954 0.08600383741318074 1.165562498875384E-6 
Dutch/CSTAUS_hardware21.nl,0.02221280764959527 0.04754541921117599 0.05617345348765664 0.31706175502030143 0.26582516763375946 0.09861035788005033 0.12344798753578291 0.019696878796177857 0.04910290639901001 3.2326638648860686E-4 
English/CSTAUS_hardware2.en,0.0036861834009326816 0.1328172327526808 0.11177887081657921 0.22488268501955735 0.06957265510272376 0.14770034267309803 0.08088623867624295 0.15946154191705716 0.06921234496589576 1.9046752286609537E-6 
Dutch/CSTAUS_hardware2.nl,0.013195839333783469 0.04946000717680731 0.05086889593589042 0.32984013857096645 0.22611966056254584 0.11162453879159683 0.1444341356068937 0.02269906728306291 0.051271345173328826 4.8637156512499913E-4 
English/CSTAUS_hardware3.en,7.833923163818948E-4 0.13304464266172888 0.10631600788882199 0.22497231489685218 0.053845524188043656 0.15726481488889046 0.08910785197850017 0.16605122358765778 0.0686122180501325 2.0095429869539775E-6 
Dutch/CSTAUS_hardware3.nl,0.016473990077406915 0.04875394106702642 0.054821669990876835 0.3077212561409205 0.23484654793190227 0.10227821371932377 0.13901901116383802 0.02893660017000342 0.06633085438856988 8.179153501325186E-4 
English/CSTAUS_hardware4.en,0.004809598452747249 0.12702150902496245 0.11859687934385747 0.21270027749011605 0.06041633213062619 0.15424347727074827 0.09251291783049587 0.15877016832685617 0.07092715754069037 1.6825888962401973E-6 
Dutch/CSTAUS_hardware4.nl,0.012420542004312675 0.051413108286755285 0.054021358177208295 0.3222402581348205 0.2396336836364987 0.10391467452387192 0.145912556766991 0.01808944391546923 0.05214709913068253 2.0727542339085263E-4 
English/CSTAUS_hardware5.en,0.010391153552332838 0.11266227644718523 0.11044797493028696 0.25564905823086986 0.05532945744659711 0.1580520515673897 0.0904473368095839 0.13463875277407558 0.0723801847794703 1.7534622049967476E-6 
Dutch/CSTAUS_hardware5.nl,0.01793872321357667 0.054399481628255454 0.05346300122872221 0.30331954702510816 0.23601143227087043 0.13902469524099262 0.13129426921709875 0.0168729948490639 0.04767216257502477 3.6927512876404577E-6 
English/CSTAUS_hardware6.en,0.002054560560540067 0.1369169862338205 0.1379167668228196 0.1925544434368693 0.072896874933086 0.15936167230402423 0.09664690098504244 0.12475856323817389 0.07689146378367424 1.7677019460825869E-6 
Dutch/CSTAUS_hardware6.nl,0.02168383890174459 0.060654963259379684 0.05228595885098252 0.3153849151860618 0.22070340053693308 0.10383484327797735 0.14450392766410314 0.025079198517553563 0.05586532338507718 3.6304201879710996E-6 
English/CSTAUS_hardware7.en,5.67412365406697E-4 0.12721810236518985 0.12942528176022308 0.19897806144369204 0.08288389116154335 0.1496975455407735 0.09129879016333312 0.14265154996116233 0.07727769648160758 1.6687570646164015E-6 
Dutch/CSTAUS_hardware7.nl,0.02153146111956109 0.04468422450657699 0.043575510780480414 0.2990679993617049 0.27466897923318956 0.0963760635671504 0.1360253443417896 0.029714457618844694 0.05394121066984021 4.1474880086317444E-4 
English/CSTAUS_hardware8.en,0.00791923649920491 0.12208618289304625 0.10734518167004395 0.19782390259303997 0.0828635003834759 0.15679723529031153 0.08731303592099228 0.15919799316371233 0.07865234113709377 1.390449078720264E-6 
Dutch/CSTAUS_hardware8.nl,0.033088941212980214 0.032007868001286625 0.06500963768797174 0.2998939701334734 0.231201859016428 0.13104671827430864 0.1111488153135808 0.025406590687053247 0.07009031525648568 0.001105284416430719 
English/CSTAUS_hardware9.en,2.8845175936767926E-4 0.11424562789064269 0.1492270756962447 0.1846625808533108 0.07551877938543226 0.15138082435913727 0.08993175012131846 0.15620864099839454 0.07853463400573071 1.6349304169111256E-6 
Dutch/CSTAUS_hardware9.nl,0.01719758829359681 0.05089992196023447 0.03490991334626535 0.3156610509448403 0.27777426671272576 0.07916008494917115 0.13083026662889918 0.028566149438700863 0.06421085441247605 7.899033130913054E-4 
English/CSTAUS_industrial1.en,0.02505959154628708 0.1838116145858081 0.05835982018856628 0.24557650118686503 0.06670314964724101 0.18217848576333656 0.10619920711997735 0.08356163374804047 0.04854647133109134 3.5248827874136907E-6 
Dutch/CSTAUS_industrial1.nl,0.03401754153520117 0.05501936094874234 0.0910147957313155 0.22433965090396474 0.15179358858194078 0.16804339340521152 0.2080263213115801 0.019824548395652647 0.04791335051100893 7.448675380211618E-6 
English/CSTAUS_industrial2.en,0.06223091084359659 0.1618101797862178 0.06834851882019499 0.2077368625095403 0.06941426398611744 0.1723222633356454 0.11306963960150133 0.07673256413052418 0.0683323792156774 2.4177709823566398E-6 
Dutch/CSTAUS_industrial2.nl,0.021112172135795155 0.05724493435552474 0.07887927349344082 0.2344587532431276 0.11428170020232467 0.18285990582065034 0.24374075414506588 0.015881738542943544 0.051535317231541956 5.4508295839818575E-6 
English/CSTAUS_industrial3.en,0.04923757454218511 0.10727124049582701 0.05564239266988271 0.1952852623885663 0.0941039133398608 0.1746814714861786 0.13408846773135283 0.09223312995076946 0.09745098376958394 5.563625791809045E-6 
Dutch/CSTAUS_industrial3.nl,0.038500764029279766 0.10908831603737924 0.08472823997761028 0.20616549726725544 0.11275299780589476 0.13139788796554397 0.2741776772365021 0.001051680489546626 0.04212799029853384 8.948892453082197E-6 
English/CSTAUS_leisure10.en,0.18742832698552458 0.05653764996550765 0.0666781009076043 0.21064486665147145 0.13911338079388041 0.11477705965308407 0.0926226483498124 0.05126075299733307 0.08093416006784672 3.053627935511956E-6 
Dutch/CSTAUS_leisure10.nl,0.02545594877407699 0.024920435404485675 0.14890672299890415 0.26459149466611215 0.11479589435630223 0.13849325598149467 0.14154357124419345 0.03639491715149527 0.10489164442192021 6.115001013181469E-6 
English/CSTAUS_leisure11.en,0.15683849241131606 0.062457941881438946 0.06909963029113571 0.20954802466765227 0.12768892908402665 0.1232675556705624 0.1160439465918471 0.05887019875016783 0.07618217078192926 3.1098699247719213E-6 
Dutch/CSTAUS_leisure11.nl,0.0233924813868579 0.022696691339644307 0.15869125130595615 0.22818023720834849 0.10802654001516983 0.14187966436424712 0.16421668429245642 0.05488737471280863 0.0980230701323017 6.005242207529602E-6 
English/CSTAUS_leisure12.en,0.15519506170472863 0.060962595828639075 0.06651112601281005 0.22010107049904268 0.1350068433786015 0.10979156894989357 0.10676702953318723 0.05961398177760793 0.08604755742296462 3.164892525726708E-6 
Dutch/CSTAUS_leisure12.nl,0.02291493092378404 0.016921526804871592 0.1509936705022503 0.242289415025836 0.10916146938511251 0.13740559219438073 0.14808332742773866 0.06723854699830648 0.10498561945670107 5.901281016797218E-6 
English/CSTAUS_leisure13.en,0.15653857205603183 0.0594737428398318 0.07005203209809137 0.20198654138702113 0.13806527749051492 0.11772574107003747 0.11641534113870347 0.05446066848494775 0.08527895417367869 3.1292611425355384E-6 
Dutch/CSTAUS_leisure13.nl,0.017202738260275224 0.023499098055656073 0.1692522683817856 0.2272976459107124 0.11633695271817839 0.13314448058140005 0.15011820396622222 0.06791056498234706 0.09523201986367356 6.027279747534132E-6 
English/CSTAUS_leisure14.en,0.1513644042600506 0.058342969084006206 0.06234695947830273 0.21352973158191313 0.135277356681228 0.12802615689413738 0.10871507178460268 0.053577108914516204 0.0888171537728428 3.0875484008991834E-6 
Dutch/CSTAUS_leisure14.nl,0.01606764689711308 0.018646147687940602 0.16777656948037414 0.22811155489712273 0.11391422528080852 0.1391043912774298 0.16204022442328972 0.060078451562153246 0.09425082507990751 9.963413858565576E-6 
English/CSTAUS_leisure15.en,0.1569185249630784 0.05776673105158908 0.0571510054948335 0.2106547879052844 0.13182025712468007 0.11618462818411553 0.11637390159558589 0.06309712968747737 0.09002979766760036 3.236325756454366E-6 
Dutch/CSTAUS_leisure15.nl,0.013979915021433052 0.023408541694151432 0.15868758423677265 0.23645647081569784 0.09895084134147467 0.14163666056641058 0.18971543188756182 0.04165981436909412 0.09549850692275685 6.233144644811107E-6 
English/CSTAUS_leisure16.en,0.15806016679173554 0.057271718596107093 0.06748533568466791 0.22196701335239227 0.1255265143355108 0.11716373111194528 0.1118169586483953 0.05256514031138096 0.08814019869598115 3.222471884818512E-6 
Dutch/CSTAUS_leisure16.nl,0.014946359460131443 0.019798857557170268 0.14910988571053738 0.2284633588102978 0.10248606854034885 0.1426603399705886 0.20207054600896845 0.04071740375905691 0.09974110425529151 6.075927606637091E-6 
English/CSTAUS_leisure17.en,0.15439955286787543 0.057256587253950914 0.061977985458245934 0.21950085901843364 0.12331387297075821 0.13174376113594796 0.11000275915908969 0.058128910760439724 0.08367253200193935 3.179373320255735E-6 
Dutch/CSTAUS_leisure17.nl,0.018444359958511507 0.022838855459058796 0.14579915819128894 0.23698663500408054 0.09465219379132406 0.15517144052138634 0.19070884231173757 0.04614131437935169 0.08924710947657127 1.0090906687101495E-5 
English/CSTAUS_leisure18.en,0.1496403768385788 0.06043388328741125 0.06786262605580286 0.20602023007268278 0.13841745455436194 0.12045004308612281 0.11097142854247842 0.0639009438559274 0.08229985213711788 3.1615695168322187E-6 
Dutch/CSTAUS_leisure18.nl,0.02126194118342697 0.017277759592056498 0.1504205306169736 0.23473414661470934 0.10368534661885828 0.16818769476844236 0.16838454598227062 0.044310627369297036 0.09173126313891085 6.14411505219309E-6 
English/CSTAUS_leisure19.en,0.1521609179056828 0.049116669475263455 0.06700511868891079 0.2192389121150527 0.13436109211143724 0.12134336574685935 0.11158843412203796 0.06591517012772427 0.07926722951812419 3.0901889081180743E-6 
Dutch/CSTAUS_leisure19.nl,0.02323732904445354 0.023056222580717246 0.14451610352396457 0.24441222670159934 0.09750797279665534 0.16537070916414115 0.16316754152867233 0.04806534991372304 0.09066058309899863 5.961647072952735E-6 
English/CSTAUS_leisure1.en,0.14282895519511773 0.05808734660855878 0.06320576690311822 0.21917943009608787 0.13879356391713424 0.12174438563923488 0.11339526475930704 0.055477480479002125 0.08728470400879806 3.1023936421086504E-6 
Dutch/CSTAUS_leisure1.nl,0.015510571414108039 0.009150146796432399 0.16142107303279513 0.21891573767473418 0.11020249211957431 0.18611161987686556 0.16941338301534928 0.041025280352530814 0.08824063004629891 9.065671310041478E-6 
English/CSTAUS_leisure20.en,0.15339478939895101 0.06077959080694955 0.0680632155555222 0.21503653820728685 0.1322350713445923 0.12421870139660904 0.10034893022709312 0.05589547689001355 0.09002449275030482 3.1934226786212145E-6 
Dutch/CSTAUS_leisure20.nl,0.010184229129872463 0.015225817352203967 0.1515848846011213 0.22417059463650899 0.11837378145545521 0.17905475552601352 0.17427725621889711 0.04761043523282168 0.07951208497064798 6.160876455557535E-6 
English/CSTAUS_leisure21.en,0.1570823387587449 0.0549950436914858 0.06843090114314224 0.22153705920008748 0.12842783333705882 0.11255561113985744 0.11762651645645938 0.05710215359471087 0.08223941124779414 3.131430659993341E-6 
Dutch/CSTAUS_leisure21.nl,0.016281874905427512 0.022359693360004037 0.16084249792307115 0.22267064749882406 0.09680924709538827 0.16757115854847285 0.17124035206501675 0.052239214528143285 0.08997934849155581 5.965584094405867E-6 
English/CSTAUS_leisure2.en,0.1598895876805148 0.06852120989209873 0.06253813841561573 0.20286702118987518 0.1389394119907815 0.11685027535917412 0.10800352578344867 0.06522957986958665 0.07715803308452324 3.216734382301169E-6 
Dutch/CSTAUS_leisure2.nl,0.019759697599562278 0.01938928038922819 0.14706662607325277 0.22687982630768627 0.1138697943087263 0.17968650966871488 0.1675725285806211 0.04408525272375577 0.08168436313196552 6.121216484665247E-6 
English/CSTAUS_leisure3.en,0.16422178740634294 0.052105483398665664 0.06574374162730984 0.21800084876441486 0.1374616546018558 0.11500724802344586 0.10430067451943005 0.06187000237642893 0.0812854059896633 3.1532924436362477E-6 
Dutch/CSTAUS_leisure3.nl,0.0186837527838994 0.012362346460647109 0.15283332388932774 0.2129870975465968 0.10583694520713512 0.1754353700679391 0.18809048677330079 0.04804790746162102 0.08571671424698164 6.055562549345545E-6 
English/CSTAUS_leisure4.en,0.13729453757286764 0.05998427117864328 0.06675227670956442 0.22341528196476731 0.13393109801231487 0.1212923885466668 0.10533359465611569 0.05307404262812586 0.09891955253518997 2.956195744270336E-6 
Dutch/CSTAUS_leisure4.nl,0.021939205080008198 0.021713194549816465 0.16449889842953272 0.2297173632551684 0.10599948293257667 0.1826316194316717 0.14592100278006376 0.04157054251833517 0.0860028012846326 5.889738192426664E-6 
English/CSTAUS_leisure5.en,0.16325759123243677 0.05532294074086836 0.05947046636263597 0.21014924645793384 0.12610724407399795 0.12327648878941937 0.11909719115064767 0.063039314196084 0.08027633985909031 3.1771368867264496E-6 
Dutch/CSTAUS_leisure5.nl,0.007814556261640527 0.02534238325488226 0.17070423190479037 0.23691302952825297 0.10552711385138318 0.17154879367955206 0.1712319731167578 0.036291546779312324 0.0746201577730826 6.213850343563584E-6 
English/CSTAUS_leisure6.en,0.16177642615393162 0.05696787970854834 0.06537732380439926 0.20597788595561056 0.13902357343065613 0.11091225000126544 0.10395373445900848 0.06521829941131105 0.09078945495887326 3.172116396775637E-6 
Dutch/CSTAUS_leisure6.nl,0.01997528974667224 0.02062576436147216 0.13341175717344095 0.252335692660267 0.08966682113584132 0.17258835801325859 0.17834077509717874 0.04972928350057593 0.08331647529079968 9.783020491338204E-6 
English/CSTAUS_leisure7.en,0.16714789090796373 0.05433783497972425 0.05937415047691574 0.20887361299183796 0.13346013104183593 0.12007043855929109 0.11712661127398684 0.054407280129657856 0.08519900834769077 3.041291096334829E-6 
Dutch/CSTAUS_leisure7.nl,0.0163388502006556 0.020489156170929754 0.14055141806314533 0.23614537578557754 0.09916491942487245 0.17199402297759428 0.1669807227570874 0.04816190353287237 0.10016766747232952 5.963614933899914E-6 
English/CSTAUS_leisure8.en,0.14930146255658638 0.05197029760412643 0.06635483221249792 0.22105602733695232 0.1349956704644429 0.11825636976986208 0.11797168029592547 0.05698008552789476 0.08311042313917426 3.1510925385195226E-6 
Dutch/CSTAUS_leisure8.nl,0.01591327977444978 0.0194716580531044 0.14900276759033051 0.2289167509854331 0.11698913171332803 0.18847223070541635 0.15197398613915328 0.041542433152210755 0.08771173862567222 6.023260899623772E-6 
English/CSTAUS_leisure9.en,0.15268053017905253 0.06595742354810141 0.06908456781436374 0.20877092031173014 0.13082953681278492 0.11813788841034342 0.1087222399749486 0.05505121966493135 0.09076257780024988 3.095483494924826E-6 
Dutch/CSTAUS_leisure9.nl,0.012119423383736231 0.023772539483157207 0.15981982304837739 0.22180498945347576 0.10799864086716669 0.1706419146723403 0.16931176781161927 0.04601335957862535 0.0885079955342825 9.54616721736725E-6 
English/CSTAUS_software10.en,0.049395529220122504 0.13200649556304578 0.06492111316401249 0.30226005309494375 0.04397769969955564 0.20575659751589728 0.0830131663947841 0.07858679378887376 0.04008059129222484 1.960266536434392E-6 
Dutch/CSTAUS_software10.nl,0.012095220508394067 0.02614852885485134 0.07246255826291645 0.21156168475895473 0.09890164808544108 0.3403212589310717 0.16237507168651136 0.02173214524739237 0.05363141519986785 7.704684645993947E-4 
English/CSTAUS_software11.en,0.015012236651518717 0.11439456373617499 0.045559163312103405 0.2370304575165625 0.0706297719262404 0.21496370829493952 0.1266326614886661 0.09650048966335673 0.0792667121959864 1.023521445244395E-5 
Dutch/CSTAUS_software11.nl,0.052455181390230136 0.02645889478099905 0.05728566546703331 0.24934855573159148 0.13889208496469632 0.26945244030807197 0.15085108847593795 0.007243749776193963 0.04782636864411461 1.8597046112984916E-4 
English/CSTAUS_software12.en,0.020838994206144476 0.09126823846457727 0.07034307275834009 0.27818355838413417 0.03637680520138436 0.18900042134247025 0.15592166562620255 0.05516429531423349 0.10275211607159537 1.5083263091914575E-4 
Dutch/CSTAUS_software12.nl,0.03192812001072229 0.011924519583855311 0.029220503252111833 0.23996134000387395 0.08902501114032368 0.35422731283729114 0.12202473912021264 0.005538039343766791 0.11614760647107854 2.8082367635710113E-6 
English/CSTAUS_software13.en,0.003204399244238395 0.09716599048987053 0.08372227451690545 0.26230801191130204 0.044825986072819464 0.20581890306817055 0.12085634809664966 0.08924423010094863 0.09266891751966873 1.8493897942406848E-4 
Dutch/CSTAUS_software13.nl,0.037499624535158295 0.02852732973241881 0.03194407060588681 0.23376639641563027 0.10612004277710448 0.37312535675502895 0.10549502601578423 0.03985179421575524 0.04366738425551104 2.974691722266484E-6 
English/CSTAUS_software14.en,0.04045412377925631 0.08985592993249364 0.10271939073562367 0.2460133232617778 0.032407254804295474 0.2261230364825132 0.1292609734552722 0.05159310168327297 0.08098301646329498 5.898494022022867E-4 
Dutch/CSTAUS_software14.nl,0.01766223397393337 0.03950799806887787 0.06321175096508862 0.23483444399782152 0.09123731982006435 0.2778400930263491 0.15943522482125938 0.018792429597584898 0.09747587189385552 2.6338351645874925E-6 
English/CSTAUS_software1.en,0.01272115750373285 0.15510194428292298 0.08822144031107418 0.19780838038969967 0.05846039444885937 0.2234760079025057 0.0652312938246396 0.09693384447621116 0.10193445845473154 1.1107840562286963E-4 
Dutch/CSTAUS_software1.nl,0.03038733499563465 0.05171441739875955 0.05922627088563968 0.20936754289381176 0.1673903417078709 0.1550693668534593 0.13810430705853446 0.07842621273659658 0.11017563052588127 1.385749438100696E-4 
English/CSTAUS_software2.en,0.027485074665906387 0.1644952010896576 0.1098172921955829 0.1820589404096433 0.04907221805025981 0.2414992191364047 0.08483534193620114 0.0773376754372477 0.06313890553678905 2.6013154230407944E-4 
Dutch/CSTAUS_software2.nl,0.025812999130108552 0.06754692913733605 0.057654497964975154 0.19596878167074153 0.12979903102402365 0.1548349255017728 0.1422406731038731 0.10095270669771834 0.125186555104662 2.9006647891379636E-6 
English/CSTAUS_software3.en,0.03197612278690524 0.14661032613386554 0.08184910638412901 0.16548598628311703 0.08594025117526498 0.21692623891862947 0.07928168666013509 0.09785017575494041 0.09367264413798942 4.074617650220049E-4 
Dutch/CSTAUS_software3.nl,0.03396225019231168 0.049289824355622965 0.05550012464769612 0.19495273878115177 0.1558097572103261 0.17276239944825014 0.11892692117431294 0.1172229792123561 0.10156716302996438 5.841948006527063E-6 
English/CSTAUS_software4.en,0.04465696236066401 0.14018220385225938 0.09764329756121047 0.15570120806983004 0.06400505178580278 0.21240628696062305 0.0944997133376436 0.09433165183742595 0.09647432185029173 9.930238425096466E-5 
Dutch/CSTAUS_software4.nl,0.024734111098513825 0.04348723859623787 0.06239751291327299 0.18059187261797355 0.20521426516032706 0.14888964427409077 0.11678331390988016 0.14666462064470387 0.07123516031647648 2.260468520681359E-6 
English/CSTAUS_software5.en,0.02278833724904865 0.1545087727108861 0.08671415493213597 0.1721688977336392 0.07968044184244272 0.20556065700073992 0.07965460798797903 0.10347703032041218 0.09532723272298597 1.198674997260404E-4 
Dutch/CSTAUS_software5.nl,0.021963559320331883 0.0783309006432228 0.06628829885924642 0.19490485026686657 0.11926550699757936 0.17670229516038785 0.12481488047726146 0.12100663831002996 0.09672011086421892 2.959100855441899E-6 
English/CSTAUS_software6.en,0.013223794847644844 0.18608561324863876 0.088879686615685 0.15432159268305237 0.08819975175920332 0.22628833688862923 0.06216768721543267 0.08921302886340282 0.09161900011286918 1.5077654386878314E-6 
Dutch/CSTAUS_software6.nl,0.056323028697577965 0.08514520300076014 0.06925429476461085 0.14149279523071964 0.12606051001609533 0.19765178880967504 0.11808397700031723 0.1284509312146133 0.07753480674352616 2.664522102965705E-6 
English/CSTAUS_software7.en,0.07185434534869585 0.13210215704514675 0.07456403379294158 0.18977034073796262 0.06050471248375132 0.19172835914250105 0.10806249490880245 0.09476437950356094 0.07647816177939372 1.7101525724032442E-4 
Dutch/CSTAUS_software7.nl,0.02312701459553588 0.05825232223186475 0.0828872984388738 0.17507917200510661 0.15145330341990504 0.17420119319205415 0.15469913034401042 0.10324052634012579 0.07705629463299109 3.7447995333342337E-6 
English/CSTAUS_software8.en,0.0383110195223089 0.16166613408414138 0.07666648273209614 0.22870803030854098 0.04702704485205125 0.2108430445285089 0.10051156409505728 0.08920216955180207 0.04706272020435007 1.7901211394031057E-6 
Dutch/CSTAUS_software8.nl,0.015728407819758802 0.051312681081303935 0.06169709386363175 0.1714675249108255 0.10739776866356396 0.28367262697084933 0.15388624249052235 0.08297767544424146 0.07185663954674829 3.3392085556960336E-6 
English/CSTAUS_software9.en,0.02992842569371141 0.12166942410377234 0.0695094173424522 0.2684762814958816 0.06785596714003528 0.19835473040726806 0.10033782380881939 0.09224428025428233 0.05162204202974769 1.6077240260370342E-6 
Dutch/CSTAUS_software9.nl,0.021658255258041107 0.022567212126818226 0.055927745398255006 0.23788578331748797 0.08158749317811352 0.3504676959457333 0.13037427256460618 0.03651049225439782 0.06239181962535271 6.292303311951824E-4 
English/CSTAUS_undef10.en,0.02130297189197861 0.07812929636040063 0.08593702940552385 0.266633867489189 0.04102037448417734 0.17994634793296335 0.11440304235125637 0.11662277107156385 0.09596462583898836 3.96731739553733E-5 
Dutch/CSTAUS_undef10.nl,0.018661866694277496 0.03808325185136274 0.10457255372121631 0.2634872418162093 0.14159067678941487 0.14560349101567277 0.18983694446508245 0.020444939921953325 0.07771499419803668 4.039526775043461E-6 
English/CSTAUS_undef11.en,0.02899453772453214 0.05996439962247177 0.06949724672507383 0.2597887351095413 0.06228660418911839 0.19235993524525935 0.14169369179138835 0.07831677299636434 0.10707412031445308 2.3956281794299526E-5 
Dutch/CSTAUS_undef11.nl,0.030095158414520106 0.03870344401035651 0.09126463043098063 0.2822171508020128 0.13707412205167122 0.13661777482738385 0.1754158507854029 0.02690846133418573 0.08169642949434266 6.977849144253449E-6 
English/CSTAUS_undef12.en,0.003841350182304327 0.09821254462172668 0.04008872900293205 0.2629805577774576 0.026037559987076037 0.1528570288487248 0.13848910782881457 0.09420420071513895 0.18326802262305575 2.0898412769354154E-5 
Dutch/CSTAUS_undef12.nl,0.08115374117910948 0.0195413174527402 0.09748339893380718 0.2967052733939095 0.1269439848196609 0.10006924998297678 0.1767575339668791 0.03080386798426302 0.0704978346277014 4.379765895553458E-5 
English/CSTAUS_undef1.en,0.032452703109733916 0.09122809785594133 0.05492109979372623 0.2426510811610202 0.07204527140458765 0.13585004037865675 0.19753117592443664 0.08801440002267417 0.08530159380675355 4.536542469895638E-6 
Dutch/CSTAUS_undef1.nl,0.016437470967905786 0.038981636696886035 0.050499561560134014 0.2828019016893924 0.13025397307195904 0.12742807693761868 0.12172605777214598 0.1298666512463763 0.10199367052036583 1.0999537217560877E-5 
English/CSTAUS_undef2.en,0.04308128267136942 0.09648199537000643 0.05628795747405148 0.2711679770884065 0.0651369066406604 0.18755958028390707 0.13973767242551893 0.07077064061750932 0.06977065375038835 5.333678183248325E-6 
Dutch/CSTAUS_undef2.nl,0.031240158679939338 0.04184841564148336 0.055426760562868584 0.263244245614892 0.12871202901506634 0.17808169262998252 0.15843085894516737 0.08097016618637197 0.06203830004003513 7.372684191379099E-6 
English/CSTAUS_undef3.en,0.0805747196826181 0.08337795368119218 0.057475426522993575 0.23432006093824054 0.053470043938169905 0.1907720518899934 0.1135401385787653 0.08338589905782007 0.10308057644906578 3.129261142535539E-6 
Dutch/CSTAUS_undef3.nl,0.03583342042670425 0.03542794476728662 0.04481923524820831 0.28904951981464877 0.1391035757358405 0.17572519078096738 0.15648993577251963 0.045696196178891424 0.07784814168910772 6.83958582326081E-6 
English/CSTAUS_undef4.en,0.060596252630289664 0.08222782014171814 0.04773480486312619 0.28141136204207434 0.08658778542499158 0.1665320440626351 0.13808006342969964 0.08732235921593126 0.049503954026957495 3.5541625743943326E-6 
Dutch/CSTAUS_undef4.nl,0.057743066180443045 0.03486348931470218 0.09588127267195189 0.30421527952313276 0.11455145382840247 0.12416353010363072 0.1589213627462959 0.04380151942541211 0.0658543047166192 4.72148940996031E-6 
English/CSTAUS_undef5.en,0.07796471981069991 0.0827486107012906 0.051491070630448554 0.2868377157127323 0.06639541895940192 0.16316292045365158 0.10763503986596429 0.09698800709261929 0.06674748163714007 2.901513604904263E-5 
Dutch/CSTAUS_undef5.nl,0.04293218224497809 0.027034718800399277 0.06847077258065411 0.2619133076804339 0.10988253049053057 0.18568374367346124 0.15510291228528772 0.060285117331599865 0.08869027753551983 4.437377135668291E-6 
English/CSTAUS_undef6.en,0.03522320532103918 0.10788664241434083 0.08065627334718306 0.23918442161086637 0.06386701116346907 0.12696895346958997 0.16383512073478776 0.10202930785551287 0.08034661816247728 2.4459207323133776E-6 
Dutch/CSTAUS_undef6.nl,0.013399109661411907 0.03449553512061637 0.06688426180177048 0.26589132273094873 0.14512833972844555 0.10571358311971514 0.1668792281738452 0.06868288489650987 0.13292012657996885 5.608186766996468E-6 
English/CSTAUS_undef7.en,0.028533414069471106 0.10554107846863744 0.06251822620700238 0.28892602658453653 0.04614431464715881 0.14179557920300562 0.17940299919754762 0.05937829211507959 0.08772462823746538 3.544127009208341E-5 
Dutch/CSTAUS_undef7.nl,0.051209792859963355 0.0414684919606159 0.0764097404867649 0.30050091805536205 0.11756403058374727 0.09429808179028339 0.17520286788634712 0.06251859286453566 0.08082332113875348 4.162373627795186E-6 
English/CSTAUS_undef8.en,0.021960281941641905 0.07732641202125541 0.05240505819594569 0.29007602008787314 0.05384723883385973 0.17060858941829063 0.14786154884346192 0.09197192941447284 0.09394047532246515 2.4459207323133776E-6 
Dutch/CSTAUS_undef8.nl,0.03586414396754219 0.03670716599818266 0.06866774174269193 0.31094599838143294 0.11867080877128362 0.12590061755443602 0.15350740442290314 0.06230370635054637 0.08742404639736251 8.366413618332109E-6 
English/CSTAUS_undef9.en,0.01624214909753275 0.06517495737436332 0.04410305720118474 0.3088631642971939 0.05309253011675622 0.18461747516714605 0.10732622431999456 0.10624873006299786 0.11432929782307767 2.4145397508735827E-6 
Dutch/CSTAUS_undef9.nl,0.030160393978820196 0.028021006771551903 0.045299350394832585 0.3170574009558977 0.13543773206419324 0.1782134020515914 0.1667017375920187 0.038263101184130545 0.06084050996607416 5.36504088902286E-6 
English/D_CKTAUS_electronics1.en,5.071609216164007E-4 0.11751425062049194 0.00875276112649678 0.031299395429124334 0.6330467090462825 0.14607274511199903 0.03978343167847587 0.013907063099542667 0.00911463347042114 1.8494955445871475E-6 
Dutch/D_CKTAUS_electronics1.nl,0.10451886058256511 0.020979659964529645 0.0044574490114809365 0.674489941604556 0.01959087973760026 0.0931390544557568 0.080840734855933 7.246548392860951E-5 0.0019085303694385625 2.423934209033643E-6 
English/D_CKTAUS_finance1.en,0.004256874987371491 0.011286599753915529 0.0036529999735992577 0.18489593089908227 0.6244536089800264 0.026900911615140882 0.02314889912900033 0.046636735968600296 0.07476702028159665 4.1841165823018843E-7 
Dutch/D_CKTAUS_finance1.nl,0.05269172491618204 0.0038021339811814318 0.005413382523248626 0.8355015860017465 0.036907515732446536 0.013333304740444366 0.03804359477818553 0.007464332263029298 0.006841845134945132 5.799285853676395E-7 
English/D_CKTAUS_hardware1.en,3.3803302469959096E-4 0.030165145423428106 0.025900193466190647 0.11005696334660747 0.5667001497062965 0.07793308348111265 0.02395370253350855 0.1190780870361351 0.045873459638423555 1.1823436018875766E-6 
Dutch/D_CKTAUS_hardware1.nl,0.07104929870619486 0.009628831791239575 0.004127948973614966 0.6013145569016597 0.21697833292199037 0.035504473745166874 0.05742916213038471 0.003685390118276536 2.80428408284408E-4 1.5763031836600638E-6 
English/D_CKTAUS_industrial1.en,0.004704313836275109 0.05611295061188491 0.022009720413896233 0.04737622285926834 0.5814749842582425 0.09463463409229053 0.034475658879250026 0.1264609983375177 0.0327494193927887 1.0973185910008437E-6 
Dutch/D_CKTAUS_industrial1.nl,0.1489887160419458 0.026231738928182678 0.009601664885410767 0.5630444073352435 0.14987187327647788 0.052966040717828386 0.04308133677996978 4.88583791100969E-5 0.00607470103664065 9.066261918691872E-5 
English/D_CKTAUS_legal1.en,0.0010328248819110274 0.01304465386472242 0.006521615776866814 0.16682949724554097 0.6154195870203635 0.03346838496215654 0.008555540143275168 0.04377398037429628 0.11135347354017111 4.421906883073237E-7 
Dutch/D_CKTAUS_legal1.nl,0.062230712825283016 0.004964682585149901 0.018649163703336153 0.8166471222892353 0.04568689060780432 0.02417710058033677 0.02686726099509276 3.019601011866249E-4 4.744624836680957E-4 6.438289037919771E-7 
English/D_CKTAUS_pharma1.en,0.0036873219211676915 0.042285561727600646 0.016827003398322295 0.07815727686934817 0.7292533685676743 0.0274711415316605 0.012064938512531851 0.06174800208156451 0.02850473502548173 6.503646481324757E-7 
Dutch/D_CKTAUS_pharma1.nl,0.059300327252001725 0.020569506575257617 0.03659284377130012 0.746261725591102 0.03363007392302798 0.012917787906069993 0.03623546676865935 0.04805517296144608 0.00643561477770675 1.4804734328457127E-6 
English/D_CKTAUS_software1.en,0.025849263847050892 0.03491247078635794 0.027892482724465262 0.07914524979144365 0.6584387012662888 0.04577178025436053 0.05886901110892293 0.04404096201934807 0.025079289103306406 7.890984635971517E-7 
Dutch/D_CKTAUS_software1.nl,0.07569448016702528 0.01032215277864301 0.024734059463344005 0.7489829509341304 0.0353475625749148 0.03485390631166672 0.04516596834094152 0.00970314987045341 0.015194703199011917 1.0663598722482344E-6 
English/D_CKTAUS_undef1.en,0.008626785679813918 0.028939138817041455 0.018608866790323773 0.10364699644288344 0.6282263199656293 0.03757489065728668 0.060851716641989705 0.055387146743783956 0.05813726872433473 8.695369206663138E-7 
Dutch/D_CKTAUS_undef1.nl,0.12744463408050488 0.006223903679096235 0.021091144883534047 0.6881086511969968 0.05817051821605325 0.03765465977229161 0.04457075589143612 0.009085250939735126 0.00764930231458096 1.1790257727958658E-6 
English/D_CSTAUS_business1.en,0.010681673512325714 0.021959064623383998 0.06126473031934548 0.131313569115413 0.5896319865977572 0.09405220966237741 0.03486120398283881 0.01892484854517203 0.03730916064365278 1.5529977294525002E-6 
Dutch/D_CSTAUS_business1.nl,0.08694569291227106 0.002271189714095806 0.007832191433131084 0.7304790041584132 0.05226363963104735 0.033472767763075076 0.050820919664998 0.009299885534465271 0.026612433056903598 2.27613159727599E-6 
English/D_CSTAUS_electronics1.en,1.311135830287926E-4 0.04534571736196769 0.08139878792795859 0.07008621431465858 0.5907616095502963 0.036654677197977464 0.029125360036987256 0.10728053535308536 0.03921493899022219 1.0456838237680148E-6 
Dutch/D_CSTAUS_electronics1.nl,0.06964686687288507 0.003154879356381173 0.01371254453159379 0.7460251783041345 0.04245949178053913 0.03939456085502865 0.05372850375275088 5.621498630675079E-4 0.03131437289369131 1.4517899248584403E-6 
English/D_CSTAUS_hardware1.en,0.0010718852063105152 0.06367599590352381 0.038736810185146624 0.10352580270365677 0.5400978499099374 0.07031830598515743 0.04188185357065848 0.10883447965938123 0.03185591855701723 1.098319215493603E-6 
Dutch/D_CSTAUS_hardware1.nl,0.04712521573642164 0.008595686873133748 0.010040369711466298 0.6431925150318517 0.15333180340503405 0.03448257849061689 0.06590518160568727 0.017348549606199533 0.019718617064731953 2.5948247485460925E-4 
English/D_CSTAUS_industrial1.en,0.00994295759129017 0.09396001514955639 0.026637541086264493 0.11276043129662143 0.5451723396616756 0.08792564570899866 0.05316632037433805 0.05138665336197458 0.01904564054152339 2.4552277544202536E-6 
Dutch/D_CSTAUS_industrial1.nl,0.11869643196432063 0.012464872647579249 0.023796824538687835 0.5845774696635303 0.08358241327486793 0.06388062694433498 0.07739495266242591 0.01462688791474748 0.02097596987627809 3.550513229095271E-6 
English/D_CSTAUS_leisure1.en,0.045634247643099764 0.022272974495052538 0.02674269487951323 0.07432315902386714 0.6930964916861498 0.04238217031001323 0.04043749535473661 0.021324779029527344 0.03378424913224139 1.7384457948807921E-6 
Dutch/D_CSTAUS_leisure1.nl,0.18378066108979393 0.0013051750651274885 0.03244106152625677 0.5698430582784403 0.049206220792656394 0.06006097192287872 0.04113246888105746 0.026734833263779047 0.035493210587791535 2.3385922156377173E-6 
English/D_CSTAUS_software1.en,0.003360890069566675 0.06631511193618474 0.03587411740034851 0.07960666278736514 0.6112038097914427 0.09158948934695421 0.02718160997223444 0.04433521391266867 0.040532238475758264 8.563074840419559E-7 
Dutch/D_CSTAUS_software1.nl,0.1258715743040843 0.010232670803940289 0.012396957171108383 0.5747859720388407 0.08351397806529265 0.0507216287982371 0.04273752430626708 0.053272899913878534 0.04646571498426069 1.0796140937880127E-6 
English/D_CSTAUS_undef1.en,0.013216890756020712 0.04963506985138699 0.026280700223211 0.11484609174322102 0.5391152056809331 0.06549289129576906 0.10244439458438828 0.04876700664184017 0.04019845806953886 3.2911536919163844E-6 
Dutch/D_CSTAUS_undef1.nl,0.07980099697656214 0.008992833000410956 0.013543843772480288 0.5816640834159474 0.07315112614590175 0.05291071461410379 0.04313712968358977 0.09511494695200925 0.051678743244082954 5.582194912028997E-6 
