English/CKTAUS_electronics1.en,0.043 0 0.005 0.111 0.096 0 0.015 0.394 0.043 0.293 
English/CKTAUS_finance10.en,0.083 0 0.006 0.05 0.518 0.005 0.021 0.067 0.21 0.04 
English/CKTAUS_finance11.en,0.084 0 0.005 0.053 0.514 0.002 0.025 0.068 0.209 0.04 
English/CKTAUS_finance12.en,0.081 0 0.009 0.053 0.51 0.006 0.025 0.069 0.209 0.038 
English/CKTAUS_finance13.en,0.085 0 0.009 0.058 0.498 0.003 0.024 0.07 0.215 0.039 
English/CKTAUS_finance14.en,0.08 0 0.005 0.054 0.513 0.001 0.028 0.073 0.207 0.039 
English/CKTAUS_finance15.en,0.09 0 0.007 0.054 0.506 0.004 0.024 0.066 0.209 0.041 
English/CKTAUS_finance16.en,0.09 0 0.004 0.053 0.495 0.005 0.026 0.073 0.211 0.044 
English/CKTAUS_finance17.en,0.09 0 0.006 0.047 0.503 0.004 0.031 0.072 0.204 0.042 
English/CKTAUS_finance18.en,0.084 0 0.006 0.05 0.507 0.004 0.028 0.073 0.204 0.044 
English/CKTAUS_finance19.en,0.076 0 0.007 0.061 0.506 0.005 0.027 0.072 0.204 0.043 
English/CKTAUS_finance1.en,0.08 0 0.005 0.07 0.492 0.005 0.025 0.08 0.205 0.038 
English/CKTAUS_finance20.en,0.082 0 0.007 0.054 0.504 0.006 0.026 0.082 0.199 0.04 
English/CKTAUS_finance21.en,0.086 0 0.005 0.051 0.502 0.003 0.023 0.083 0.21 0.036 
English/CKTAUS_finance2.en,0.086 0 0.007 0.061 0.507 0.001 0.026 0.083 0.189 0.04 
English/CKTAUS_finance3.en,0.088 0 0.007 0.057 0.503 0.003 0.023 0.084 0.193 0.043 
English/CKTAUS_finance4.en,0.1 0 0.005 0.056 0.493 0.002 0.027 0.073 0.203 0.042 
English/CKTAUS_finance5.en,0.088 0 0.006 0.053 0.498 0.004 0.024 0.077 0.21 0.039 
English/CKTAUS_finance6.en,0.078 0 0.007 0.062 0.491 0.004 0.023 0.079 0.218 0.037 
English/CKTAUS_finance7.en,0.089 0 0.007 0.052 0.501 0.006 0.025 0.075 0.206 0.037 
English/CKTAUS_finance8.en,0.1 0 0.006 0.057 0.497 0.003 0.024 0.07 0.205 0.038 
English/CKTAUS_finance9.en,0.087 0 0.01 0.05 0.505 0.003 0.026 0.073 0.204 0.042 
English/CKTAUS_hardware1.en,0.184 0 0.071 0.058 0.241 0.003 0.066 0.173 0.134 0.07 
English/CKTAUS_industrial1.en,0.241 0 0.021 0.09 0.121 0.002 0.049 0.233 0.096 0.148 
English/CKTAUS_industrial2.en,0.232 0 0.025 0.09 0.121 0.003 0.043 0.238 0.094 0.154 
English/CKTAUS_industrial3.en,0.24 0 0.023 0.092 0.117 0.001 0.043 0.235 0.101 0.148 
English/CKTAUS_industrial4.en,0.237 0 0.022 0.079 0.133 0.001 0.048 0.227 0.085 0.167 
English/CKTAUS_industrial5.en,0.236 0 0.018 0.074 0.133 0.003 0.059 0.236 0.09 0.152 
English/CKTAUS_legal10.en,0.128 0 0.035 0.038 0.416 0 0.035 0.122 0.175 0.051 
English/CKTAUS_legal11.en,0.109 0 0.012 0.03 0.437 0 0.029 0.12 0.212 0.05 
English/CKTAUS_legal12.en,0.13 0 0.022 0.021 0.416 0 0.039 0.119 0.2 0.053 
English/CKTAUS_legal13.en,0.191 0 0.019 0.064 0.331 0.008 0.047 0.134 0.157 0.048 
English/CKTAUS_legal14.en,0.14 0 0.093 0.026 0.384 0.003 0.04 0.087 0.17 0.057 
English/CKTAUS_legal15.en,0.087 0 0.046 0.029 0.407 0.001 0.018 0.117 0.226 0.071 
English/CKTAUS_legal16.en,0.122 0 0.094 0.039 0.321 0.003 0.024 0.096 0.232 0.068 
English/CKTAUS_legal17.en,0.123 0 0.08 0.037 0.384 0.001 0.021 0.102 0.198 0.053 
English/CKTAUS_legal18.en,0.11 0 0.058 0.03 0.427 0 0.025 0.096 0.192 0.062 
English/CKTAUS_legal19.en,0.1 0 0.057 0.033 0.399 0 0.034 0.118 0.205 0.055 
English/CKTAUS_legal1.en,0.095 0 0.027 0.025 0.449 0.001 0.02 0.114 0.232 0.036 
English/CKTAUS_legal20.en,0.137 0 0.074 0.042 0.393 0 0.025 0.095 0.174 0.06 
English/CKTAUS_legal21.en,0.095 0 0.065 0.064 0.407 0 0.039 0.107 0.176 0.048 
English/CKTAUS_legal2.en,0.092 0 0.053 0.033 0.428 0 0.021 0.123 0.175 0.075 
English/CKTAUS_legal3.en,0.16 0 0.167 0.024 0.299 0.015 0.032 0.097 0.18 0.025 
English/CKTAUS_legal4.en,0.1 0 0.197 0.056 0.247 0.125 0.046 0.072 0.106 0.05 
English/CKTAUS_legal5.en,0.135 0 0.152 0.066 0.315 0.035 0.028 0.076 0.132 0.061 
English/CKTAUS_legal6.en,0.109 0 0.114 0.054 0.386 0 0.037 0.083 0.163 0.053 
English/CKTAUS_legal7.en,0.104 0 0.073 0.051 0.419 0 0.023 0.1 0.172 0.058 
English/CKTAUS_legal8.en,0.115 0 0.033 0.025 0.434 0 0.023 0.12 0.199 0.051 
English/CKTAUS_legal9.en,0.101 0 0.079 0.06 0.381 0.002 0.017 0.086 0.194 0.08 
English/CKTAUS_pharma10.en,0.116 0 0.385 0.028 0.17 0.002 0.043 0.103 0.078 0.075 
English/CKTAUS_pharma11.en,0.098 0 0.39 0.039 0.189 0 0.023 0.05 0.1 0.112 
English/CKTAUS_pharma12.en,0.113 0 0.409 0.031 0.169 0 0.038 0.077 0.099 0.062 
English/CKTAUS_pharma13.en,0.091 0 0.427 0.028 0.182 0.002 0.034 0.085 0.097 0.054 
English/CKTAUS_pharma14.en,0.096 0 0.417 0.032 0.181 0.001 0.032 0.075 0.091 0.074 
English/CKTAUS_pharma15.en,0.105 0 0.413 0.022 0.21 0.001 0.021 0.063 0.094 0.071 
English/CKTAUS_pharma16.en,0.11 0 0.393 0.029 0.181 0.01 0.045 0.062 0.099 0.07 
English/CKTAUS_pharma17.en,0.114 0 0.393 0.026 0.168 0.005 0.076 0.082 0.09 0.047 
English/CKTAUS_pharma18.en,0.107 0 0.387 0.031 0.197 0.008 0.031 0.094 0.095 0.051 
English/CKTAUS_pharma19.en,0.081 0 0.358 0.054 0.164 0.008 0.049 0.064 0.098 0.123 
English/CKTAUS_pharma1.en,0.107 0 0.343 0.032 0.183 0.004 0.037 0.07 0.088 0.137 
English/CKTAUS_pharma20.en,0.101 0 0.34 0.049 0.196 0.007 0.048 0.084 0.102 0.074 
English/CKTAUS_pharma21.en,0.095 0 0.348 0.04 0.192 0.004 0.035 0.111 0.109 0.066 
English/CKTAUS_pharma2.en,0.102 0 0.329 0.049 0.194 0 0.033 0.082 0.108 0.103 
English/CKTAUS_pharma3.en,0.097 0 0.357 0.027 0.197 0.003 0.104 0.078 0.063 0.074 
English/CKTAUS_pharma4.en,0.108 0 0.291 0.041 0.175 0.001 0.11 0.106 0.095 0.072 
English/CKTAUS_pharma5.en,0.093 0 0.294 0.038 0.228 0.001 0.078 0.14 0.082 0.046 
English/CKTAUS_pharma6.en,0.097 0 0.373 0.031 0.173 0 0.058 0.139 0.067 0.062 
English/CKTAUS_pharma7.en,0.108 0 0.262 0.03 0.201 0.003 0.101 0.107 0.129 0.059 
English/CKTAUS_pharma8.en,0.085 0 0.282 0.034 0.186 0.005 0.072 0.069 0.12 0.146 
English/CKTAUS_pharma9.en,0.089 0 0.35 0.034 0.186 0.008 0.039 0.086 0.083 0.124 
English/CKTAUS_software10.en,0.102 0 0.301 0.033 0.18 0.07 0.046 0.077 0.096 0.094 
English/CKTAUS_software11.en,0.097 0 0.295 0.04 0.183 0.071 0.049 0.084 0.097 0.082 
English/CKTAUS_software12.en,0.1 0 0.31 0.034 0.18 0.053 0.047 0.1 0.098 0.078 
English/CKTAUS_software13.en,0.103 0 0.306 0.044 0.169 0.052 0.049 0.096 0.098 0.082 
English/CKTAUS_software14.en,0.098 0 0.305 0.052 0.176 0.052 0.046 0.086 0.098 0.086 
English/CKTAUS_software1.en,0.079 0 0.191 0.133 0.191 0.042 0.063 0.12 0.081 0.1 
English/CKTAUS_software2.en,0.102 0 0.297 0.049 0.183 0.051 0.046 0.085 0.099 0.088 
English/CKTAUS_software3.en,0.107 0 0.296 0.05 0.183 0.055 0.045 0.086 0.096 0.082 
English/CKTAUS_software4.en,0.095 0 0.311 0.051 0.184 0.055 0.045 0.083 0.099 0.077 
English/CKTAUS_software5.en,0.106 0 0.296 0.052 0.18 0.059 0.047 0.086 0.095 0.079 
English/CKTAUS_software6.en,0.103 0 0.3 0.055 0.177 0.048 0.046 0.092 0.1 0.078 
English/CKTAUS_software7.en,0.103 0 0.309 0.045 0.175 0.053 0.043 0.085 0.1 0.087 
English/CKTAUS_software8.en,0.101 0 0.299 0.05 0.178 0.055 0.048 0.084 0.098 0.087 
English/CKTAUS_software9.en,0.102 0 0.304 0.054 0.175 0.054 0.045 0.083 0.099 0.083 
English/CKTAUS_undef1.en,0.095 0 0.146 0.139 0.238 0.02 0.047 0.11 0.134 0.071 
English/CKTAUS_undef2.en,0.08 0 0.072 0.061 0.389 0.005 0.026 0.095 0.231 0.043 
English/CKTAUS_undef3.en,0.081 0 0.043 0.031 0.421 0.003 0.024 0.08 0.273 0.044 
English/CKTAUS_undef4.en,0.086 0 0.045 0.028 0.414 0.006 0.022 0.082 0.272 0.044 
English/CKTAUS_undef5.en,0.063 0 0.051 0.162 0.305 0.003 0.043 0.161 0.136 0.076 
English/CKTAUS_undef6.en,0.063 0 0.052 0.153 0.291 0 0.042 0.205 0.125 0.069 
English/CSTAUS_business10.en,0.044 0 0.064 0.088 0.261 0.028 0.103 0.225 0.089 0.098 
English/CSTAUS_business11.en,0.057 0 0.071 0.097 0.247 0.022 0.135 0.21 0.094 0.067 
English/CSTAUS_business12.en,0.056 0 0.061 0.071 0.259 0.016 0.125 0.22 0.097 0.094 
English/CSTAUS_business13.en,0.058 0 0.063 0.086 0.26 0.024 0.129 0.231 0.069 0.079 
English/CSTAUS_business14.en,0.054 0 0.079 0.106 0.249 0.024 0.128 0.174 0.109 0.077 
English/CSTAUS_business15.en,0.054 0 0.073 0.098 0.254 0.032 0.12 0.197 0.087 0.085 
English/CSTAUS_business16.en,0.051 0 0.064 0.073 0.269 0.022 0.125 0.207 0.091 0.098 
English/CSTAUS_business17.en,0.067 0 0.055 0.095 0.233 0.015 0.137 0.19 0.111 0.096 
English/CSTAUS_business18.en,0.08 0 0.064 0.098 0.255 0.027 0.108 0.192 0.082 0.093 
English/CSTAUS_business19.en,0.059 0 0.059 0.1 0.264 0.02 0.131 0.204 0.091 0.073 
English/CSTAUS_business1.en,0.047 0 0.063 0.08 0.311 0.001 0.123 0.223 0.087 0.064 
English/CSTAUS_business20.en,0.052 0 0.074 0.099 0.295 0.017 0.111 0.198 0.078 0.077 
English/CSTAUS_business21.en,0.067 0 0.079 0.078 0.254 0.004 0.128 0.209 0.083 0.099 
English/CSTAUS_business2.en,0.062 0 0.044 0.08 0.298 0.014 0.115 0.224 0.085 0.077 
English/CSTAUS_business3.en,0.06 0 0.045 0.074 0.308 0.014 0.104 0.247 0.079 0.069 
English/CSTAUS_business4.en,0.058 0 0.065 0.079 0.288 0.029 0.128 0.194 0.082 0.078 
English/CSTAUS_business5.en,0.06 0 0.054 0.075 0.294 0.031 0.124 0.188 0.079 0.093 
English/CSTAUS_business6.en,0.051 0 0.08 0.082 0.273 0.022 0.1 0.223 0.086 0.083 
English/CSTAUS_business7.en,0.064 0 0.074 0.099 0.226 0.035 0.127 0.212 0.082 0.08 
English/CSTAUS_business8.en,0.062 0 0.053 0.096 0.256 0.029 0.127 0.199 0.093 0.085 
English/CSTAUS_business9.en,0.044 0 0.071 0.081 0.268 0.013 0.124 0.224 0.092 0.084 
English/CSTAUS_electronics1.en,0.189 0 0.137 0.071 0.163 0 0.166 0.105 0.082 0.087 
English/CSTAUS_electronics2.en,0.162 0 0.124 0.09 0.177 0 0.158 0.124 0.092 0.073 
English/CSTAUS_electronics3.en,0.102 0 0.083 0.114 0.236 0.004 0.101 0.123 0.108 0.129 
English/CSTAUS_hardware10.en,0.104 0 0.061 0.091 0.213 0 0.171 0.151 0.133 0.076 
English/CSTAUS_hardware11.en,0.127 0 0.066 0.087 0.217 0 0.114 0.15 0.13 0.11 
English/CSTAUS_hardware12.en,0.091 0 0.054 0.069 0.295 0.018 0.081 0.164 0.136 0.091 
English/CSTAUS_hardware13.en,0.1 0 0.085 0.089 0.229 0 0.109 0.147 0.113 0.129 
English/CSTAUS_hardware14.en,0.114 0 0.07 0.093 0.206 0 0.106 0.179 0.121 0.111 
English/CSTAUS_hardware15.en,0.109 0 0.066 0.097 0.167 0 0.15 0.166 0.124 0.12 
English/CSTAUS_hardware16.en,0.113 0 0.071 0.092 0.216 0.001 0.111 0.14 0.135 0.121 
English/CSTAUS_hardware17.en,0.093 0 0.056 0.075 0.226 0 0.107 0.167 0.123 0.153 
English/CSTAUS_hardware18.en,0.108 0 0.076 0.087 0.208 0 0.121 0.149 0.117 0.134 
English/CSTAUS_hardware19.en,0.098 0 0.06 0.082 0.238 0 0.121 0.145 0.114 0.141 
English/CSTAUS_hardware1.en,0.143 0 0.06 0.087 0.212 0.002 0.089 0.161 0.109 0.137 
English/CSTAUS_hardware20.en,0.112 0 0.069 0.079 0.242 0 0.091 0.156 0.137 0.115 
English/CSTAUS_hardware21.en,0.108 0 0.064 0.081 0.251 0.004 0.1 0.138 0.143 0.111 
English/CSTAUS_hardware2.en,0.117 0 0.071 0.085 0.222 0 0.114 0.15 0.1 0.14 
English/CSTAUS_hardware3.en,0.138 0 0.051 0.09 0.218 0 0.105 0.16 0.097 0.141 
English/CSTAUS_hardware4.en,0.103 0 0.064 0.095 0.21 0.002 0.118 0.153 0.116 0.138 
English/CSTAUS_hardware5.en,0.093 0 0.056 0.091 0.249 0.005 0.109 0.16 0.114 0.121 
English/CSTAUS_hardware6.en,0.093 0 0.072 0.095 0.187 0 0.144 0.168 0.1 0.142 
English/CSTAUS_hardware7.en,0.096 0 0.082 0.094 0.191 0 0.131 0.159 0.118 0.13 
English/CSTAUS_hardware8.en,0.098 0 0.083 0.097 0.194 0 0.109 0.16 0.131 0.129 
English/CSTAUS_hardware9.en,0.105 0 0.077 0.092 0.174 0 0.156 0.158 0.121 0.117 
English/CSTAUS_industrial1.en,0.085 0 0.063 0.107 0.225 0 0.048 0.202 0.076 0.194 
English/CSTAUS_industrial2.en,0.089 0 0.066 0.12 0.196 0.002 0.062 0.188 0.083 0.194 
English/CSTAUS_industrial3.en,0.095 0 0.091 0.14 0.181 0.002 0.045 0.186 0.12 0.14 
English/CSTAUS_leisure10.en,0.046 0 0.139 0.096 0.213 0.018 0.071 0.11 0.107 0.201 
English/CSTAUS_leisure11.en,0.054 0 0.126 0.121 0.21 0.027 0.071 0.119 0.096 0.175 
English/CSTAUS_leisure12.en,0.05 0 0.134 0.113 0.223 0.023 0.072 0.107 0.112 0.167 
English/CSTAUS_leisure13.en,0.049 0 0.139 0.12 0.204 0.028 0.073 0.114 0.106 0.167 
English/CSTAUS_leisure14.en,0.048 0 0.134 0.115 0.218 0.023 0.065 0.124 0.108 0.166 
English/CSTAUS_leisure15.en,0.053 0 0.132 0.12 0.21 0.029 0.061 0.112 0.118 0.165 
English/CSTAUS_leisure16.en,0.044 0 0.127 0.118 0.226 0.02 0.071 0.113 0.109 0.17 
English/CSTAUS_leisure17.en,0.05 0 0.125 0.114 0.223 0.017 0.066 0.127 0.105 0.172 
English/CSTAUS_leisure18.en,0.061 0 0.138 0.115 0.21 0.021 0.069 0.117 0.099 0.17 
English/CSTAUS_leisure19.en,0.058 0 0.135 0.118 0.221 0.022 0.071 0.115 0.102 0.158 
English/CSTAUS_leisure1.en,0.047 0 0.139 0.119 0.221 0.021 0.067 0.117 0.109 0.16 
English/CSTAUS_leisure20.en,0.054 0 0.131 0.106 0.22 0.025 0.073 0.119 0.104 0.167 
English/CSTAUS_leisure21.en,0.05 0 0.13 0.123 0.224 0.024 0.071 0.108 0.104 0.166 
English/CSTAUS_leisure2.en,0.063 0 0.138 0.115 0.206 0.027 0.067 0.112 0.093 0.179 
English/CSTAUS_leisure3.en,0.056 0 0.138 0.109 0.222 0.019 0.071 0.109 0.102 0.174 
English/CSTAUS_leisure4.en,0.047 0 0.133 0.111 0.225 0.022 0.07 0.117 0.12 0.155 
English/CSTAUS_leisure5.en,0.054 0 0.126 0.126 0.215 0.026 0.065 0.116 0.103 0.168 
English/CSTAUS_leisure6.en,0.054 0 0.141 0.108 0.212 0.027 0.069 0.107 0.111 0.17 
English/CSTAUS_leisure7.en,0.048 0 0.134 0.123 0.209 0.023 0.064 0.116 0.108 0.176 
English/CSTAUS_leisure8.en,0.051 0 0.133 0.124 0.223 0.023 0.071 0.117 0.101 0.157 
English/CSTAUS_leisure9.en,0.05 0 0.129 0.113 0.216 0.024 0.074 0.114 0.11 0.172 
English/CSTAUS_software10.en,0.075 0 0.043 0.09 0.297 0.006 0.067 0.208 0.052 0.161 
English/CSTAUS_software11.en,0.123 0 0.07 0.116 0.225 0.005 0.045 0.215 0.066 0.134 
English/CSTAUS_software12.en,0.087 0 0.031 0.15 0.266 0.01 0.071 0.197 0.083 0.105 
English/CSTAUS_software13.en,0.073 0 0.063 0.115 0.231 0.002 0.082 0.203 0.109 0.122 
English/CSTAUS_software14.en,0.077 0.001 0.028 0.131 0.233 0.016 0.11 0.207 0.073 0.126 
English/CSTAUS_software1.en,0.131 0 0.047 0.07 0.192 0.003 0.091 0.215 0.08 0.171 
English/CSTAUS_software2.en,0.093 0 0.042 0.091 0.174 0.008 0.114 0.237 0.059 0.183 
English/CSTAUS_software3.en,0.127 0 0.063 0.095 0.161 0.011 0.096 0.185 0.089 0.172 
English/CSTAUS_software4.en,0.11 0 0.049 0.103 0.15 0.021 0.114 0.181 0.103 0.17 
English/CSTAUS_software5.en,0.152 0 0.052 0.085 0.166 0.004 0.09 0.193 0.079 0.18 
English/CSTAUS_software6.en,0.126 0 0.064 0.069 0.146 0 0.095 0.204 0.084 0.211 
English/CSTAUS_software7.en,0.117 0 0.051 0.116 0.184 0.014 0.084 0.166 0.073 0.195 
English/CSTAUS_software8.en,0.102 0 0.041 0.094 0.225 0.001 0.08 0.208 0.05 0.199 
English/CSTAUS_software9.en,0.085 0 0.067 0.098 0.26 0.018 0.073 0.195 0.073 0.132 
English/CSTAUS_undef10.en,0.131 0 0.038 0.12 0.261 0.004 0.086 0.191 0.087 0.082 
English/CSTAUS_undef11.en,0.091 0 0.06 0.145 0.257 0.01 0.069 0.189 0.104 0.075 
English/CSTAUS_undef12.en,0.12 0 0.022 0.143 0.267 0.001 0.039 0.146 0.151 0.11 
English/CSTAUS_undef1.en,0.103 0 0.069 0.197 0.238 0.016 0.052 0.148 0.08 0.097 
English/CSTAUS_undef2.en,0.092 0 0.061 0.143 0.27 0.019 0.053 0.198 0.06 0.104 
English/CSTAUS_undef3.en,0.1 0 0.05 0.116 0.24 0.041 0.059 0.2 0.086 0.108 
English/CSTAUS_undef4.en,0.1 0 0.082 0.155 0.273 0.011 0.051 0.143 0.052 0.134 
English/CSTAUS_undef5.en,0.116 0 0.066 0.114 0.277 0.037 0.051 0.162 0.064 0.113 
English/CSTAUS_undef6.en,0.116 0 0.062 0.182 0.231 0.028 0.073 0.136 0.08 0.092 
English/CSTAUS_undef7.en,0.072 0 0.044 0.185 0.286 0.014 0.058 0.16 0.078 0.104 
English/CSTAUS_undef8.en,0.108 0 0.051 0.148 0.278 0.007 0.052 0.182 0.094 0.08 
English/CSTAUS_undef9.en,0.139 0 0.05 0.106 0.301 0 0.044 0.175 0.1 0.085 
English/D_CKTAUS_electronics1.en,0.004 0 0.63 0.045 0.028 0 0.006 0.15 0.019 0.118 
English/D_CKTAUS_finance1.en,0.019 0 0.619 0.024 0.185 0.002 0.004 0.027 0.107 0.013 
English/D_CKTAUS_hardware1.en,0.068 0 0.58 0.027 0.11 0 0.025 0.079 0.081 0.029 
English/D_CKTAUS_industrial1.en,0.087 0 0.599 0.039 0.047 0.001 0.023 0.097 0.046 0.061 
English/D_CKTAUS_legal1.en,0.021 0 0.61 0.009 0.172 0 0.007 0.035 0.132 0.014 
English/D_CKTAUS_pharma1.en,0.044 0 0.72 0.013 0.078 0.001 0.014 0.027 0.044 0.059 
English/D_CKTAUS_software1.en,0.029 0 0.662 0.061 0.08 0.017 0.026 0.046 0.039 0.041 
English/D_CKTAUS_undef1.en,0.037 0 0.63 0.061 0.099 0.008 0.016 0.042 0.078 0.029 
English/D_CSTAUS_business1.en,0.011 0 0.59 0.035 0.13 0 0.062 0.096 0.05 0.026 
English/D_CSTAUS_electronics1.en,0.08 0 0.607 0.033 0.07 0 0.078 0.044 0.048 0.04 
English/D_CSTAUS_hardware1.en,0.055 0 0.551 0.044 0.102 0 0.039 0.07 0.071 0.068 
English/D_CSTAUS_industrial1.en,0.035 0 0.549 0.054 0.103 0 0.022 0.097 0.043 0.097 
English/D_CSTAUS_leisure1.en,0.013 0 0.689 0.043 0.073 0.006 0.028 0.042 0.051 0.056 
English/D_CSTAUS_software1.en,0.039 0 0.615 0.03 0.08 0.001 0.037 0.088 0.04 0.071 
English/D_CSTAUS_undef1.en,0.039 0 0.544 0.104 0.114 0.007 0.024 0.074 0.048 0.047 
Dutch/CKTAUS_electronics1.nl,0 0 0.055 0.255 0.205 0.011 0.046 0.35 0.006 0.073 
Dutch/CKTAUS_finance10.nl,0.007 0 0.086 0.152 0.584 0.008 0.037 0.066 0.018 0.041 
Dutch/CKTAUS_finance11.nl,0.011 0 0.086 0.147 0.591 0.009 0.038 0.064 0.019 0.034 
Dutch/CKTAUS_finance12.nl,0.008 0 0.084 0.167 0.573 0.007 0.042 0.062 0.02 0.037 
Dutch/CKTAUS_finance13.nl,0.012 0 0.083 0.162 0.562 0.009 0.035 0.083 0.015 0.039 
Dutch/CKTAUS_finance14.nl,0.018 0 0.091 0.146 0.566 0.011 0.041 0.074 0.019 0.034 
Dutch/CKTAUS_finance15.nl,0.013 0 0.09 0.148 0.577 0.012 0.036 0.07 0.018 0.036 
Dutch/CKTAUS_finance16.nl,0.018 0 0.084 0.162 0.569 0.008 0.039 0.066 0.015 0.04 
Dutch/CKTAUS_finance17.nl,0.013 0 0.123 0.151 0.543 0.007 0.037 0.074 0.015 0.037 
Dutch/CKTAUS_finance18.nl,0.009 0 0.114 0.15 0.57 0.008 0.038 0.062 0.014 0.035 
Dutch/CKTAUS_finance19.nl,0.011 0 0.112 0.15 0.553 0.009 0.037 0.074 0.018 0.036 
Dutch/CKTAUS_finance1.nl,0.014 0 0.115 0.158 0.548 0.008 0.036 0.069 0.015 0.038 
Dutch/CKTAUS_finance20.nl,0.013 0 0.116 0.15 0.556 0.009 0.038 0.067 0.019 0.032 
Dutch/CKTAUS_finance21.nl,0.011 0 0.112 0.162 0.55 0.011 0.037 0.067 0.015 0.035 
Dutch/CKTAUS_finance2.nl,0.013 0 0.103 0.152 0.573 0.006 0.037 0.063 0.014 0.038 
Dutch/CKTAUS_finance3.nl,0.011 0 0.11 0.157 0.557 0.008 0.04 0.067 0.014 0.035 
Dutch/CKTAUS_finance4.nl,0.01 0 0.109 0.151 0.564 0.011 0.037 0.068 0.013 0.038 
Dutch/CKTAUS_finance5.nl,0.014 0 0.116 0.153 0.546 0.009 0.039 0.073 0.017 0.034 
Dutch/CKTAUS_finance6.nl,0.012 0 0.112 0.163 0.547 0.009 0.039 0.068 0.015 0.034 
Dutch/CKTAUS_finance7.nl,0.014 0 0.124 0.141 0.555 0.009 0.039 0.068 0.015 0.037 
Dutch/CKTAUS_finance8.nl,0.009 0 0.119 0.152 0.562 0.008 0.04 0.059 0.017 0.034 
Dutch/CKTAUS_finance9.nl,0.01 0 0.12 0.155 0.548 0.01 0.039 0.07 0.014 0.034 
Dutch/CKTAUS_hardware1.nl,0.009 0 0.436 0.172 0.167 0 0.032 0.132 0.005 0.047 
Dutch/CKTAUS_industrial1.nl,0 0 0.325 0.162 0.136 0.027 0.055 0.198 0.015 0.082 
Dutch/CKTAUS_industrial2.nl,0.005 0 0.314 0.178 0.13 0.029 0.052 0.203 0.019 0.071 
Dutch/CKTAUS_industrial3.nl,0.003 0.001 0.318 0.178 0.115 0.024 0.044 0.205 0.014 0.098 
Dutch/CKTAUS_industrial4.nl,0.004 0 0.278 0.182 0.162 0.026 0.064 0.203 0.022 0.059 
Dutch/CKTAUS_industrial5.nl,0.008 0.001 0.263 0.204 0.136 0.017 0.052 0.239 0.01 0.071 
Dutch/CKTAUS_legal10.nl,0.001 0 0.149 0.104 0.495 0.024 0.03 0.125 0.021 0.052 
Dutch/CKTAUS_legal11.nl,0.003 0 0.121 0.121 0.573 0.027 0.02 0.098 0.005 0.032 
Dutch/CKTAUS_legal12.nl,0.003 0 0.126 0.136 0.524 0.02 0.046 0.096 0.009 0.039 
Dutch/CKTAUS_legal13.nl,0.009 0 0.118 0.184 0.444 0.022 0.045 0.14 0.008 0.03 
Dutch/CKTAUS_legal14.nl,0.006 0 0.14 0.208 0.465 0.011 0.044 0.109 0.002 0.015 
Dutch/CKTAUS_legal15.nl,0.004 0 0.132 0.192 0.449 0.008 0.071 0.106 0.011 0.028 
Dutch/CKTAUS_legal16.nl,0.042 0 0.122 0.261 0.375 0.007 0.049 0.103 0.007 0.033 
Dutch/CKTAUS_legal17.nl,0.03 0 0.139 0.202 0.411 0.006 0.034 0.123 0.013 0.042 
Dutch/CKTAUS_legal18.nl,0.008 0 0.131 0.131 0.523 0.013 0.036 0.112 0.008 0.038 
Dutch/CKTAUS_legal19.nl,0.001 0 0.114 0.166 0.489 0.005 0.075 0.108 0.013 0.028 
Dutch/CKTAUS_legal1.nl,0.003 0 0.131 0.116 0.485 0.009 0.093 0.11 0.01 0.043 
Dutch/CKTAUS_legal20.nl,0.001 0 0.144 0.147 0.467 0.004 0.053 0.137 0.006 0.04 
Dutch/CKTAUS_legal21.nl,0.016 0 0.122 0.13 0.481 0.005 0.098 0.088 0.028 0.031 
Dutch/CKTAUS_legal2.nl,0.004 0 0.138 0.141 0.448 0.01 0.073 0.131 0.015 0.041 
Dutch/CKTAUS_legal3.nl,0.004 0 0.194 0.186 0.377 0.002 0.102 0.094 0.009 0.032 
Dutch/CKTAUS_legal4.nl,0.001 0 0.228 0.153 0.266 0.001 0.156 0.161 0.006 0.028 
Dutch/CKTAUS_legal5.nl,0 0 0.167 0.132 0.403 0.007 0.101 0.122 0.017 0.051 
Dutch/CKTAUS_legal6.nl,0.006 0 0.118 0.155 0.512 0.006 0.068 0.092 0.002 0.041 
Dutch/CKTAUS_legal7.nl,0.007 0 0.126 0.152 0.483 0.004 0.057 0.128 0.011 0.032 
Dutch/CKTAUS_legal8.nl,0.003 0 0.129 0.145 0.515 0.014 0.042 0.105 0.011 0.036 
Dutch/CKTAUS_legal9.nl,0.004 0 0.143 0.171 0.437 0.005 0.055 0.139 0.002 0.043 
Dutch/CKTAUS_pharma10.nl,0.014 0 0.083 0.192 0.233 0.004 0.282 0.076 0.006 0.11 
Dutch/CKTAUS_pharma11.nl,0.015 0 0.116 0.22 0.28 0.028 0.139 0.119 0 0.081 
Dutch/CKTAUS_pharma12.nl,0.018 0 0.104 0.131 0.265 0.009 0.169 0.093 0.002 0.21 
Dutch/CKTAUS_pharma13.nl,0.022 0.001 0.103 0.143 0.279 0 0.162 0.144 0.002 0.145 
Dutch/CKTAUS_pharma14.nl,0.023 0 0.086 0.147 0.246 0.028 0.145 0.186 0.008 0.13 
Dutch/CKTAUS_pharma15.nl,0.016 0 0.085 0.123 0.243 0.007 0.159 0.252 0.001 0.113 
Dutch/CKTAUS_pharma16.nl,0.05 0 0.055 0.145 0.238 0 0.188 0.208 0.013 0.102 
Dutch/CKTAUS_pharma17.nl,0.032 0 0.075 0.173 0.356 0 0.166 0.1 0.024 0.074 
Dutch/CKTAUS_pharma18.nl,0.014 0.001 0.077 0.179 0.37 0.002 0.14 0.098 0.059 0.06 
Dutch/CKTAUS_pharma19.nl,0.023 0 0.057 0.173 0.387 0 0.14 0.123 0.024 0.072 
Dutch/CKTAUS_pharma1.nl,0.117 0 0.087 0.137 0.286 0 0.156 0.083 0.035 0.099 
Dutch/CKTAUS_pharma20.nl,0.022 0 0.072 0.125 0.445 0.004 0.115 0.103 0.035 0.079 
Dutch/CKTAUS_pharma21.nl,0.025 0 0.074 0.129 0.429 0.001 0.139 0.102 0.041 0.059 
Dutch/CKTAUS_pharma2.nl,0.033 0 0.097 0.123 0.393 0.004 0.136 0.096 0.042 0.077 
Dutch/CKTAUS_pharma3.nl,0.021 0 0.07 0.15 0.386 0.005 0.167 0.094 0.026 0.081 
Dutch/CKTAUS_pharma4.nl,0.016 0 0.105 0.157 0.411 0.006 0.137 0.072 0.039 0.056 
Dutch/CKTAUS_pharma5.nl,0.024 0.001 0.088 0.201 0.34 0.004 0.151 0.082 0.03 0.079 
Dutch/CKTAUS_pharma6.nl,0.011 0 0.09 0.153 0.397 0.007 0.157 0.078 0.017 0.09 
Dutch/CKTAUS_pharma7.nl,0.023 0 0.065 0.162 0.436 0.007 0.111 0.094 0.019 0.083 
Dutch/CKTAUS_pharma8.nl,0.022 0 0.081 0.164 0.369 0.001 0.143 0.083 0.067 0.068 
Dutch/CKTAUS_pharma9.nl,0.012 0 0.079 0.185 0.308 0 0.2 0.089 0.033 0.093 
Dutch/CKTAUS_software10.nl,0.024 0 0.077 0.147 0.365 0.008 0.142 0.099 0.063 0.075 
Dutch/CKTAUS_software11.nl,0.026 0 0.079 0.167 0.374 0.01 0.135 0.092 0.05 0.067 
Dutch/CKTAUS_software12.nl,0.024 0 0.083 0.145 0.379 0.008 0.141 0.093 0.054 0.073 
Dutch/CKTAUS_software13.nl,0.026 0 0.082 0.163 0.367 0.007 0.135 0.085 0.053 0.082 
Dutch/CKTAUS_software14.nl,0.025 0 0.076 0.149 0.375 0.009 0.135 0.1 0.055 0.076 
Dutch/CKTAUS_software1.nl,0.025 0 0.094 0.152 0.357 0.003 0.106 0.151 0.055 0.056 
Dutch/CKTAUS_software2.nl,0.023 0 0.081 0.153 0.376 0.008 0.135 0.104 0.044 0.076 
Dutch/CKTAUS_software3.nl,0.023 0 0.075 0.157 0.37 0.005 0.136 0.099 0.054 0.081 
Dutch/CKTAUS_software4.nl,0.021 0 0.077 0.141 0.375 0.007 0.138 0.105 0.056 0.079 
Dutch/CKTAUS_software5.nl,0.022 0 0.084 0.151 0.371 0.007 0.15 0.097 0.053 0.066 
Dutch/CKTAUS_software6.nl,0.026 0 0.078 0.161 0.364 0.007 0.146 0.097 0.049 0.072 
Dutch/CKTAUS_software7.nl,0.028 0 0.075 0.147 0.376 0.006 0.144 0.102 0.05 0.072 
Dutch/CKTAUS_software8.nl,0.024 0 0.08 0.141 0.374 0.01 0.142 0.099 0.05 0.08 
Dutch/CKTAUS_software9.nl,0.028 0 0.072 0.148 0.366 0.008 0.147 0.105 0.05 0.075 
Dutch/CKTAUS_undef1.nl,0.02 0 0.141 0.172 0.329 0.02 0.096 0.155 0.027 0.039 
Dutch/CKTAUS_undef2.nl,0.011 0 0.126 0.118 0.568 0.006 0.045 0.083 0.025 0.018 
Dutch/CKTAUS_undef3.nl,0.011 0 0.106 0.115 0.605 0.007 0.033 0.076 0.026 0.021 
Dutch/CKTAUS_undef4.nl,0.01 0 0.099 0.106 0.606 0.007 0.039 0.087 0.026 0.019 
Dutch/CKTAUS_undef5.nl,0.025 0 0.13 0.147 0.404 0.009 0.056 0.118 0.08 0.032 
Dutch/CKTAUS_undef6.nl,0.013 0 0.134 0.134 0.38 0.008 0.115 0.124 0.048 0.043 
Dutch/CSTAUS_business10.nl,0.01 0 0.124 0.146 0.413 0.001 0.046 0.136 0.062 0.062 
Dutch/CSTAUS_business11.nl,0.009 0 0.129 0.17 0.387 0.015 0.038 0.143 0.077 0.032 
Dutch/CSTAUS_business12.nl,0.019 0 0.137 0.127 0.402 0.011 0.044 0.164 0.06 0.035 
Dutch/CSTAUS_business13.nl,0.011 0 0.135 0.146 0.434 0.006 0.037 0.127 0.059 0.044 
Dutch/CSTAUS_business14.nl,0.011 0 0.158 0.173 0.397 0.001 0.04 0.131 0.046 0.042 
Dutch/CSTAUS_business15.nl,0.01 0 0.149 0.154 0.382 0.015 0.047 0.139 0.059 0.046 
Dutch/CSTAUS_business16.nl,0.014 0 0.139 0.158 0.414 0.001 0.05 0.155 0.043 0.027 
Dutch/CSTAUS_business17.nl,0.007 0 0.15 0.147 0.388 0.003 0.045 0.149 0.06 0.05 
Dutch/CSTAUS_business18.nl,0.013 0 0.146 0.185 0.38 0.003 0.047 0.125 0.058 0.043 
Dutch/CSTAUS_business19.nl,0.009 0 0.124 0.17 0.394 0.005 0.046 0.146 0.07 0.036 
Dutch/CSTAUS_business1.nl,0.015 0 0.122 0.183 0.411 0.006 0.041 0.125 0.069 0.028 
Dutch/CSTAUS_business20.nl,0.005 0 0.138 0.14 0.41 0.005 0.045 0.138 0.074 0.045 
Dutch/CSTAUS_business21.nl,0.009 0 0.154 0.133 0.391 0.004 0.037 0.15 0.083 0.038 
Dutch/CSTAUS_business2.nl,0.012 0 0.131 0.195 0.396 0.005 0.045 0.143 0.038 0.035 
Dutch/CSTAUS_business3.nl,0.004 0 0.127 0.146 0.42 0.004 0.056 0.137 0.044 0.062 
Dutch/CSTAUS_business4.nl,0.006 0 0.131 0.198 0.398 0.001 0.047 0.135 0.051 0.033 
Dutch/CSTAUS_business5.nl,0.006 0 0.133 0.17 0.4 0.004 0.04 0.164 0.05 0.034 
Dutch/CSTAUS_business6.nl,0.001 0 0.139 0.145 0.414 0.002 0.03 0.16 0.063 0.044 
Dutch/CSTAUS_business7.nl,0.008 0 0.149 0.155 0.392 0.004 0.035 0.15 0.053 0.055 
Dutch/CSTAUS_business8.nl,0.008 0 0.141 0.13 0.404 0.004 0.037 0.156 0.05 0.071 
Dutch/CSTAUS_business9.nl,0.017 0 0.15 0.142 0.381 0.006 0.031 0.146 0.066 0.061 
Dutch/CSTAUS_electronics1.nl,0.004 0 0.11 0.186 0.365 0.014 0.065 0.145 0.083 0.027 
Dutch/CSTAUS_electronics2.nl,0.005 0 0.138 0.182 0.316 0.012 0.08 0.165 0.073 0.03 
Dutch/CSTAUS_electronics3.nl,0.002 0 0.152 0.182 0.34 0.013 0.056 0.154 0.06 0.041 
Dutch/CSTAUS_hardware10.nl,0.013 0 0.257 0.135 0.327 0.002 0.047 0.104 0.057 0.058 
Dutch/CSTAUS_hardware11.nl,0.016 0 0.269 0.138 0.307 0.002 0.059 0.106 0.06 0.043 
Dutch/CSTAUS_hardware12.nl,0.006 0 0.239 0.188 0.285 0.002 0.058 0.137 0.045 0.04 
Dutch/CSTAUS_hardware13.nl,0.015 0 0.252 0.127 0.313 0.005 0.047 0.108 0.072 0.06 
Dutch/CSTAUS_hardware14.nl,0.025 0 0.264 0.119 0.291 0.007 0.045 0.126 0.066 0.056 
Dutch/CSTAUS_hardware15.nl,0.02 0.001 0.268 0.112 0.321 0 0.034 0.106 0.071 0.068 
Dutch/CSTAUS_hardware16.nl,0.017 0 0.231 0.147 0.296 0.007 0.063 0.13 0.047 0.062 
Dutch/CSTAUS_hardware17.nl,0.024 0 0.208 0.124 0.32 0.005 0.069 0.144 0.051 0.055 
Dutch/CSTAUS_hardware18.nl,0.03 0.001 0.221 0.138 0.31 0.003 0.062 0.105 0.062 0.067 
Dutch/CSTAUS_hardware19.nl,0.024 0 0.257 0.135 0.284 0.009 0.065 0.123 0.047 0.055 
Dutch/CSTAUS_hardware1.nl,0.026 0.001 0.283 0.167 0.274 0.001 0.054 0.098 0.052 0.043 
Dutch/CSTAUS_hardware20.nl,0.023 0 0.236 0.14 0.308 0.005 0.071 0.118 0.046 0.053 
Dutch/CSTAUS_hardware21.nl,0.014 0 0.266 0.125 0.321 0.002 0.059 0.104 0.048 0.06 
Dutch/CSTAUS_hardware2.nl,0.023 0 0.226 0.139 0.324 0.004 0.053 0.12 0.055 0.056 
Dutch/CSTAUS_hardware3.nl,0.033 0.001 0.235 0.139 0.309 0.005 0.053 0.105 0.062 0.057 
Dutch/CSTAUS_hardware4.nl,0.017 0 0.24 0.144 0.324 0.001 0.055 0.11 0.053 0.054 
Dutch/CSTAUS_hardware5.nl,0.016 0 0.237 0.134 0.296 0.002 0.054 0.146 0.052 0.062 
Dutch/CSTAUS_hardware6.nl,0.025 0 0.222 0.143 0.321 0.005 0.05 0.112 0.055 0.069 
Dutch/CSTAUS_hardware7.nl,0.026 0 0.274 0.131 0.298 0.003 0.043 0.1 0.061 0.062 
Dutch/CSTAUS_hardware8.nl,0.02 0.001 0.231 0.107 0.306 0.015 0.069 0.136 0.068 0.047 
Dutch/CSTAUS_hardware9.nl,0.025 0.001 0.279 0.127 0.323 0.004 0.037 0.077 0.063 0.063 
Dutch/CSTAUS_industrial1.nl,0.027 0 0.16 0.203 0.224 0.021 0.077 0.178 0.051 0.058 
Dutch/CSTAUS_industrial2.nl,0.021 0 0.116 0.242 0.226 0.014 0.07 0.209 0.061 0.04 
Dutch/CSTAUS_industrial3.nl,0.018 0 0.114 0.274 0.189 0.024 0.077 0.168 0.043 0.092 
Dutch/CSTAUS_leisure10.nl,0.046 0 0.112 0.12 0.262 0.006 0.142 0.161 0.105 0.045 
Dutch/CSTAUS_leisure11.nl,0.061 0 0.105 0.142 0.228 0.005 0.156 0.17 0.096 0.037 
Dutch/CSTAUS_leisure12.nl,0.076 0 0.107 0.127 0.244 0.006 0.148 0.156 0.102 0.035 
Dutch/CSTAUS_leisure13.nl,0.077 0 0.114 0.121 0.224 0.005 0.164 0.157 0.099 0.039 
Dutch/CSTAUS_leisure14.nl,0.075 0 0.109 0.136 0.227 0.007 0.163 0.163 0.093 0.027 
Dutch/CSTAUS_leisure15.nl,0.052 0 0.095 0.167 0.23 0.003 0.15 0.167 0.102 0.033 
Dutch/CSTAUS_leisure16.nl,0.06 0 0.1 0.17 0.221 0.003 0.143 0.171 0.099 0.033 
Dutch/CSTAUS_leisure17.nl,0.058 0 0.091 0.163 0.233 0.005 0.141 0.18 0.087 0.042 
Dutch/CSTAUS_leisure18.nl,0.052 0 0.099 0.147 0.227 0.009 0.147 0.189 0.099 0.031 
Dutch/CSTAUS_leisure19.nl,0.06 0 0.095 0.142 0.246 0.008 0.136 0.192 0.086 0.035 
Dutch/CSTAUS_leisure1.nl,0.05 0 0.107 0.142 0.213 0.003 0.154 0.212 0.09 0.028 
Dutch/CSTAUS_leisure20.nl,0.059 0 0.116 0.149 0.224 0.005 0.148 0.2 0.075 0.024 
Dutch/CSTAUS_leisure21.nl,0.066 0 0.096 0.146 0.217 0.009 0.152 0.195 0.086 0.033 
Dutch/CSTAUS_leisure2.nl,0.058 0 0.111 0.141 0.222 0.006 0.138 0.209 0.084 0.03 
Dutch/CSTAUS_leisure3.nl,0.067 0 0.102 0.158 0.208 0.006 0.147 0.197 0.084 0.03 
Dutch/CSTAUS_leisure4.nl,0.051 0 0.104 0.122 0.225 0.006 0.159 0.207 0.088 0.037 
Dutch/CSTAUS_leisure5.nl,0.046 0 0.101 0.148 0.231 0.003 0.163 0.199 0.078 0.031 
Dutch/CSTAUS_leisure6.nl,0.065 0 0.086 0.153 0.244 0.006 0.132 0.197 0.085 0.032 
Dutch/CSTAUS_leisure7.nl,0.055 0 0.097 0.146 0.231 0.005 0.139 0.193 0.1 0.034 
Dutch/CSTAUS_leisure8.nl,0.051 0 0.115 0.133 0.22 0.004 0.139 0.217 0.096 0.025 
Dutch/CSTAUS_leisure9.nl,0.06 0 0.104 0.144 0.219 0.002 0.155 0.198 0.086 0.031 
Dutch/CSTAUS_software10.nl,0.015 0.001 0.099 0.131 0.209 0.006 0.06 0.393 0.063 0.023 
Dutch/CSTAUS_software11.nl,0.01 0 0.141 0.146 0.256 0.037 0.056 0.277 0.04 0.036 
Dutch/CSTAUS_software12.nl,0.009 0 0.087 0.117 0.267 0.023 0.026 0.37 0.082 0.018 
Dutch/CSTAUS_software13.nl,0.043 0 0.106 0.104 0.245 0.029 0.026 0.387 0.034 0.026 
Dutch/CSTAUS_software14.nl,0.026 0 0.09 0.148 0.263 0.011 0.049 0.304 0.075 0.035 
Dutch/CSTAUS_software1.nl,0.083 0 0.166 0.138 0.21 0.005 0.051 0.171 0.109 0.066 
Dutch/CSTAUS_software2.nl,0.093 0 0.128 0.149 0.196 0.013 0.061 0.177 0.12 0.063 
Dutch/CSTAUS_software3.nl,0.118 0 0.156 0.118 0.196 0.018 0.054 0.184 0.099 0.057 
Dutch/CSTAUS_software4.nl,0.158 0 0.204 0.121 0.172 0.003 0.059 0.163 0.07 0.05 
Dutch/CSTAUS_software5.nl,0.126 0 0.118 0.125 0.197 0.009 0.06 0.204 0.096 0.065 
Dutch/CSTAUS_software6.nl,0.129 0 0.124 0.122 0.145 0.05 0.062 0.234 0.071 0.062 
Dutch/CSTAUS_software7.nl,0.106 0 0.157 0.165 0.167 0.004 0.07 0.198 0.081 0.053 
Dutch/CSTAUS_software8.nl,0.088 0 0.104 0.163 0.166 0.007 0.055 0.307 0.078 0.033 
Dutch/CSTAUS_software9.nl,0.046 0.001 0.084 0.128 0.23 0.008 0.056 0.349 0.061 0.038 
Dutch/CSTAUS_undef10.nl,0.025 0 0.143 0.204 0.266 0.005 0.095 0.158 0.069 0.036 
Dutch/CSTAUS_undef11.nl,0.034 0 0.137 0.178 0.288 0.005 0.085 0.143 0.076 0.055 
Dutch/CSTAUS_undef12.nl,0.043 0 0.144 0.182 0.304 0.001 0.079 0.105 0.061 0.082 
Dutch/CSTAUS_undef1.nl,0.134 0 0.134 0.136 0.295 0.001 0.046 0.126 0.088 0.04 
Dutch/CSTAUS_undef2.nl,0.083 0 0.133 0.165 0.271 0.015 0.039 0.202 0.057 0.034 
Dutch/CSTAUS_undef3.nl,0.053 0 0.142 0.158 0.29 0.002 0.039 0.181 0.078 0.057 
Dutch/CSTAUS_undef4.nl,0.039 0 0.121 0.188 0.32 0.02 0.075 0.144 0.064 0.03 
Dutch/CSTAUS_undef5.nl,0.065 0 0.113 0.167 0.27 0.011 0.054 0.199 0.085 0.037 
Dutch/CSTAUS_undef6.nl,0.074 0 0.146 0.17 0.273 0.006 0.052 0.125 0.127 0.028 
Dutch/CSTAUS_undef7.nl,0.077 0 0.124 0.186 0.3 0.012 0.058 0.11 0.078 0.055 
Dutch/CSTAUS_undef8.nl,0.07 0 0.122 0.155 0.319 0.011 0.056 0.139 0.078 0.05 
Dutch/CSTAUS_undef9.nl,0.044 0 0.136 0.178 0.316 0.007 0.035 0.191 0.058 0.035 
Dutch/D_CKTAUS_electronics1.nl,0 0 0.02 0.078 0.316 0.454 0.008 0.109 0 0.016 
Dutch/D_CKTAUS_finance1.nl,0.006 0 0.036 0.035 0.589 0.307 0.005 0.015 0.002 0.004 
Dutch/D_CKTAUS_hardware1.nl,0.004 0 0.197 0.054 0.255 0.442 0.003 0.035 0 0.009 
Dutch/D_CKTAUS_industrial1.nl,0 0 0.134 0.047 0.194 0.538 0.01 0.061 0.002 0.014 
Dutch/D_CKTAUS_legal1.nl,0 0 0.041 0.026 0.544 0.335 0.019 0.027 0.001 0.006 
Dutch/D_CKTAUS_pharma1.nl,0.054 0 0.03 0.036 0.358 0.449 0.035 0.014 0.006 0.019 
Dutch/D_CKTAUS_software1.nl,0.011 0 0.033 0.045 0.446 0.381 0.023 0.038 0.014 0.009 
Dutch/D_CKTAUS_undef1.nl,0.008 0 0.053 0.048 0.385 0.437 0.02 0.037 0.008 0.004 
Dutch/D_CSTAUS_business1.nl,0.011 0 0.048 0.05 0.517 0.308 0.007 0.038 0.021 0.001 
Dutch/D_CSTAUS_electronics1.nl,0 0 0.037 0.055 0.457 0.368 0.014 0.042 0.024 0.003 
Dutch/D_CSTAUS_hardware1.nl,0.017 0 0.143 0.062 0.423 0.282 0.009 0.035 0.02 0.009 
Dutch/D_CSTAUS_industrial1.nl,0.02 0 0.083 0.077 0.358 0.344 0.02 0.064 0.021 0.014 
Dutch/D_CSTAUS_leisure1.nl,0.031 0 0.044 0.038 0.282 0.48 0.033 0.063 0.027 0.003 
Dutch/D_CSTAUS_software1.nl,0.053 0 0.076 0.045 0.3 0.409 0.011 0.054 0.039 0.012 
Dutch/D_CSTAUS_undef1.nl,0.103 0 0.071 0.048 0.434 0.237 0.01 0.053 0.039 0.005 
