Dutch/CKTAUS_electronics1.nl,0.08528165237960024 0.488964156486946 0.18130093630518956 0.04763531494106696 9.39245021920557E-6 1.6532977112696042E-6 4.893375764640466E-6 3.591465732588723E-6 1.177017228874854E-5 5.649640809031711E-6 8.997061937358752E-6 6.9949697207033205E-6 8.26943768985361E-6 0.19671423758840645 9.36233150481272E-6 4.775014612574985E-6 4.444295400913873E-6 3.0959194787602976E-6 9.264162024355034E-6 1.1548703895898442E-5 
Dutch/CKTAUS_finance10.nl,2.4529385870670377E-6 1.325987799682607E-6 1.3161073574916184E-6 1.6240563244045384E-4 1.967590786965495E-6 3.463434214592364E-7 0.7175342160895891 7.523633048056287E-7 1.6339267551807187E-4 1.1835230367029091E-6 0.038061116535797856 1.4653511763539136E-6 1.7323349107212423E-6 0.16065701577481015 0.01086453271773282 4.435495073929802E-4 9.31019540301688E-7 6.485530933280804E-7 0.0037434930998035782 0.06835615585389995 
Dutch/CKTAUS_finance11.nl,2.5403209086487613E-6 1.3732241605667373E-6 1.3629917421862696E-6 1.5313228599125642E-6 2.0376833085615756E-6 3.586813953454283E-7 0.7045552428967733 7.79165138570828E-7 0.0012941667520074587 1.2256843003961063E-6 0.041625229674869035 1.5175521521131227E-6 8.512393221527374E-5 0.1676717983806669 0.012876498447519893 1.0359349634119907E-6 9.641857391207078E-7 6.716568413235728E-7 0.0016269426171267379 0.07024959889531106 
Dutch/CKTAUS_finance12.nl,2.4734377956531538E-6 1.3370690801645776E-6 1.3271060671149204E-6 1.4910052608550624E-6 4.0766366170331817E-4 3.492378135473038E-7 0.7278714217885869 7.586508051935577E-7 7.327096270248877E-4 1.1934137391133822E-6 0.03622909127219262 1.4775971166209736E-6 1.7468120341450074E-6 0.16175621873229784 0.010387376142396971 1.0086602380109233E-6 9.388000709089439E-7 6.539730517442427E-7 0.004099321175088493 0.058501441837635705 
Dutch/CKTAUS_finance13.nl,4.22243211844484E-5 1.311686737348245E-6 1.6049326511886387E-4 0.0010362064903566117 2.0093556022531355E-4 3.4260803350123993E-7 0.738410101502652 7.442489054705162E-7 7.98395859571763E-4 1.1707584873412234E-6 0.02503470457779127 1.449547050162267E-6 3.2009635582983307E-4 0.157531371128208 0.01026978234932215 9.89512267030063E-7 9.209782952136484E-7 6.415583093511478E-7 0.0031061511542027774 0.06308196653745143 
Dutch/CKTAUS_finance14.nl,8.209730704232297E-5 1.3128884901894418E-6 1.3031056559630366E-6 1.4640407700906295E-6 1.948153141550861E-6 3.4292192718176105E-7 0.7118797974728227 7.449307780634456E-7 0.0015161447482593805 1.1718311232827609E-6 0.02876223103396099 1.4508751090930927E-6 1.7152213361115936E-6 0.17476461449622954 0.009920682706383296 9.904188471947038E-7 9.218220853134028E-7 6.421460979588261E-7 0.007968781624619451 0.06509164225532016 
Dutch/CKTAUS_finance15.nl,2.526740241770935E-6 1.3658828440386774E-6 1.3557051286151892E-6 3.7450293727827287E-4 2.026789764316096E-6 3.567638688908469E-7 0.7389569259951941 7.749996876021257E-7 8.313838787035467E-4 1.2191317384247468E-6 0.02598620093453438 1.5094392518187504E-6 1.7844557357539735E-6 0.15177334116253927 0.00928507311380199 1.0303968097097188E-6 9.590311599150773E-7 6.680661344222623E-7 0.003773239316030077 0.06900375525955293 
Dutch/CKTAUS_finance16.nl,2.5028834921119083E-6 1.3529865737632052E-6 1.3429049533814411E-6 1.5087553285570688E-6 2.8936405736475283E-4 3.5339540775392003E-7 0.7237286748049088 7.67682364979366E-7 2.515895840756949E-6 1.207621049591696E-6 0.04737467887738933 1.4951875635126705E-6 2.891240113839123E-4 0.15842737145222832 0.010264729928417224 1.0206681014189627E-6 9.499762654233252E-7 6.617584474423712E-7 0.004845988184076277 0.05476438896884251 
Dutch/CKTAUS_finance17.nl,1.6205640099971582E-4 1.315246126107554E-6 1.3054457242342958E-6 1.6109000322362175E-4 0.0015582791520560722 3.4353773351921727E-7 0.6993507461803204 2.800871019188497E-4 0.0010799032173376948 1.173935453670953E-6 0.03859081033965555 1.4534805362070128E-6 1.7183014662671607E-6 0.170648902735962 0.012971341230663794 9.92197404220354E-7 9.23477458846406E-7 6.432992398414281E-7 0.0033939208290456905 0.07179299388767349 
Dutch/CKTAUS_finance18.nl,2.4219528602693657E-6 8.075630832323364E-5 6.368760462833217E-4 1.459969788830289E-6 1.9427360144506122E-6 3.4196838219323563E-7 0.7284114781460415 8.018992990128178E-5 2.434544455171406E-6 1.1685726740369297E-6 0.031462900877022075 1.4468407368946688E-6 1.7104519102463466E-6 0.16124933614929343 0.013468214958224879 4.071120009808512E-5 9.192588230659679E-7 6.403605160374776E-7 3.99151553427723E-4 0.06415589817522319 
Dutch/CKTAUS_finance19.nl,2.411225232529349E-6 1.3034387642145214E-6 1.2937263435101999E-6 1.4535031012810937E-6 1.9341309961193173E-6 3.4045369148095775E-7 0.7243546042317959 7.395690190293877E-7 5.165423871408881E-4 1.1633966803832671E-6 0.021080716380573374 1.4404322022451666E-6 1.7028757547970277E-6 0.17710554846992502 0.009611991477971654 9.83290148317135E-7 9.151871226574469E-7 6.37524148184021E-7 0.006052688466540263 0.06126158983284797 
Dutch/CKTAUS_finance1.nl,2.5028834921119083E-6 1.3529865737632052E-6 1.3429049533814411E-6 1.5087553285570688E-6 1.2516039795762977E-4 3.5339540775392003E-7 0.7315693995415989 7.67682364979366E-7 0.0023013671275404794 1.207621049591696E-6 0.03797401937633153 1.4951875635126705E-6 1.7676074214469756E-6 0.1595357461532264 0.005092314657092848 4.207158295319972E-5 4.200089111720408E-5 6.617584474423712E-7 1.9802315661474054E-6 0.06330297925801291 
Dutch/CKTAUS_finance20.nl,2.459072419248244E-6 1.3293035723156697E-6 3.6431054656700835E-4 1.4823457134706387E-6 1.22969560337002E-4 3.472094897886666E-7 0.7254993357495609 7.542446687644767E-7 4.461277047281454E-4 1.1864825611394372E-6 0.03569601904284873 1.46901544183927E-6 1.7366667972511512E-6 0.17856299543264573 0.0062534804037516 1.0028020822047991E-6 9.333476530590739E-7 6.501748688817169E-7 2.0360731808680745E-4 0.052837803576205884 
Dutch/CKTAUS_finance21.nl,2.438907213186699E-6 1.3184028439579873E-6 1.3085789201728064E-6 1.4701899890061587E-6 1.956335714326912E-6 3.4436225729022195E-7 0.721710088571324 7.480596133560202E-7 2.4515869528033884E-6 1.1767530122467205E-6 0.042323578634678054 1.4569690300051132E-6 1.722425555898235E-6 0.15869797873755764 0.011602417311452142 9.945787739084178E-7 9.25693894022262E-7 6.448432202062191E-7 0.004562113292044087 0.06108486576595349 
Dutch/CKTAUS_finance2.nl,2.4110345313353957E-6 1.990256299074531E-4 1.2936240240939018E-6 1.453388145293951E-6 1.9339780277921592E-6 3.4042676536697417E-7 0.7382565097828162 7.395105273161139E-7 0.0015446574643627055 1.1633046685989687E-6 0.029067029816454967 1.440318280021282E-6 7.530474591532356E-4 0.16060150204493057 0.008820342099045593 9.83212380963527E-7 9.151147414984299E-7 6.374737270891385E-7 7.137078217287216E-4 0.06003086649578102 
Dutch/CKTAUS_finance3.nl,2.471432575958259E-6 1.335985116275252E-6 1.3260301802550728E-6 1.4897965006753996E-6 1.9824254845598278E-6 3.489546859331153E-7 0.7164179354418919 7.580357658589137E-7 0.0018265626234851692 1.1924462368224275E-6 0.034780992694695416 4.201147349471235E-5 1.7453958910342719E-6 0.1739882803773264 0.013621761022590769 1.0078425156577387E-6 9.38038984296997E-7 6.534428748198047E-7 0.0032042262154209494 0.05610298032428234 
Dutch/CKTAUS_finance4.nl,2.4657354959852857E-6 1.3329054392797463E-6 1.322973451110617E-6 1.4863622618090967E-6 0.0015792015779120569 3.481502849666297E-7 0.7318732792068956 7.562883621779544E-7 6.091030632764158E-4 1.189697441795311E-6 0.03199122701323529 1.4729958706140622E-6 1.741372451320621E-6 0.16537755558548403 0.013266827433830546 1.0055192641688172E-6 9.358766420331242E-7 6.51936575861123E-7 1.9508408115314204E-6 0.05528614546501323 
Dutch/CKTAUS_finance5.nl,2.427835835837107E-6 1.3124179769219176E-6 1.3026386486698062E-6 1.4635160868355994E-6 1.9474549619970615E-6 3.427990307456435E-7 0.6995193863619119 7.446638096064249E-7 2.015405809045643E-4 1.1714111621855904E-6 0.04464011302574877 1.4503551441505631E-6 1.714606634709752E-6 0.1620392144993155 0.012226688755427949 9.900639006691662E-7 9.214917225105617E-7 6.419159654981973E-7 0.00406356336228215 0.07729306224352869 
Dutch/CKTAUS_finance6.nl,2.4148542955878496E-6 1.3054005309563477E-6 1.2956734923777974E-6 1.4556907253732413E-6 3.980081271295401E-4 3.4096609816043984E-7 0.7275439854566347 7.406821222641924E-7 0.0018639615090994815 4.077225618703305E-5 0.031806363635507054 1.442600153717688E-6 1.7054387022195992E-6 0.17040125364133324 0.009745279524711643 9.847700689420956E-7 9.165645434531672E-7 6.384836667324604E-7 0.003962621435925672 0.0542245132890717 
Dutch/CKTAUS_finance7.nl,2.4310303575604855E-6 1.3141448431603772E-6 7.987527398761532E-4 1.4654417664317647E-6 1.9500174034478264E-6 3.432500822270928E-7 0.7202165268658935 7.456436306805221E-7 2.4436691458536485E-6 1.1729524930900004E-6 0.03265737938572196 1.4522635067120727E-6 1.7168626966974607E-6 0.16811366969739303 0.01383767328271364 9.913666166895555E-7 9.227042119556969E-7 6.427605920030452E-7 0.0054644448353144545 0.058893961085740486 
Dutch/CKTAUS_finance8.nl,0.0013439464796703947 1.3004558306171763E-6 1.2907656368918476E-6 0.001421905112387854 3.965005201732532E-4 3.3967455955505507E-7 0.726958275754873 7.378765073940232E-7 0.0010677594159849372 1.1607342345973724E-6 0.03421113817120056 1.437135757694997E-6 1.6989787053609162E-6 0.1585894400925101 0.012667646692903057 9.810398782623535E-7 9.13092707107609E-7 6.360651673304918E-7 0.0031190127896619977 0.060213879151649816 
Dutch/CKTAUS_finance9.nl,2.43783452279034E-6 1.3178229784913556E-6 1.3080033755055237E-6 1.4695433638809784E-6 0.0022810444743358842 3.442107984383778E-7 0.7103570741766015 7.47730598640408E-7 0.0015618271922565683 1.1762354478029817E-6 0.03470800037065078 1.4563282197775535E-6 3.6157782573862637E-4 0.16266656529743373 0.0119971544628982 9.941413341020056E-7 9.252867514525418E-7 6.445596025574081E-7 0.005879579342654188 0.0701743551604369 
Dutch/CKTAUS_hardware1.nl,0.03009422097759434 3.60599219058071E-6 3.579122563734432E-6 0.861055005228177 5.350816209436044E-6 9.418726728405449E-7 2.7877235172095874E-6 2.0460340602364428E-6 6.705388604744461E-6 3.218562666070236E-6 5.125566143888616E-6 3.984987569007254E-6 4.711043465879839E-6 0.10878451017190989 5.33365777884345E-6 2.7202939587601336E-6 2.5318854309289513E-6 1.7637246664545588E-6 5.277731280959992E-6 6.579219539305401E-6 
Dutch/CKTAUS_industrial1.nl,6.634414649711913E-6 0.9923873631744231 3.5596496297024484E-6 3.999270635711387E-6 1.1413571463502943E-4 9.367482256895607E-7 2.772556348390034E-6 2.034902201639065E-6 1.1548291720758781E-4 3.201051430464826E-6 5.097679473449375E-6 3.963306445025686E-6 4.685412089194832E-6 0.007213244379722059 1.1411864955831926E-4 2.7054936539750217E-6 2.518110200521201E-6 1.7541287687257544E-6 5.249016725578731E-6 6.5434239760662495E-6 
Dutch/CKTAUS_industrial2.nl,0.003193164757137102 0.9748422970472725 3.5944599867387313E-6 2.2379461897807304E-4 5.373745776714331E-6 9.459088295639605E-7 2.7996696000947355E-6 2.05480182085493E-6 6.734122848852566E-6 3.2323550009781126E-6 5.147530459076333E-6 4.002064223668939E-6 4.731231449147014E-6 0.02167781744308376 5.356513818014386E-6 2.7319510893552958E-6 2.5427351845099134E-6 1.7712826616868611E-6 5.300347661292786E-6 6.6074131178475095E-6 
Dutch/CKTAUS_industrial3.nl,0.0018973614280434687 0.9756318679403387 0.0043106148928534205 3.8610459270817414E-6 5.13777273569425E-6 9.043718845139791E-7 2.6767299269437354E-6 1.964570936382906E-6 6.438412647202842E-6 3.090415156606904E-6 4.9214910320838595E-6 3.826324747992765E-6 4.523472630770665E-6 0.01809956840407117 5.1212974703449244E-6 2.6119850855173806E-6 2.4310780687978957E-6 1.69350172943741E-6 5.067597693566611E-6 6.317267020231449E-6 
Dutch/CKTAUS_industrial4.nl,0.00307758522083845 0.967529486834755 3.863153307735674E-6 4.340257382626179E-6 5.775444391879252E-6 1.016617471672527E-6 3.0089506952575614E-6 2.208402508377678E-6 7.237512464799099E-6 3.4739802250891454E-6 5.532319011205143E-6 1.2239296300384995E-4 5.084900788955106E-6 0.029202865958619914 5.756924308613322E-6 2.936170085729798E-6 2.7328099005068576E-6 1.9036897054566714E-6 5.696559615468215E-6 7.101330919237201E-6 
Dutch/CKTAUS_industrial5.nl,0.0035902299318050805 0.9367060169507984 8.399282219933742E-4 1.2382110728784433E-4 5.840972598427036E-6 1.0281520160545165E-6 3.043090257388603E-6 2.233459048773616E-6 7.319629299367252E-6 3.513396013431363E-6 1.2502669405064934E-4 4.350028534823654E-6 0.003229795938106078 0.04697121612776528 5.822242386249946E-6 2.9694838788826954E-6 2.7638163684884447E-6 0.008362137662358876 5.761192795145096E-6 7.181902637648037E-6 
Dutch/CKTAUS_legal10.nl,3.944507466143704E-6 1.3152355949808624E-4 2.1163983987384155E-6 2.3777761437292508E-6 0.01902368110645566 5.569459500529995E-7 1.6484301621098563E-6 1.2098560839253688E-6 3.9650147356767005E-6 1.903192961797583E-6 0.035068065716289634 2.3563935461432342E-6 2.785723224066424E-6 0.08315263275710373 0.7929775681029854 1.60855787302536E-6 1.4971485821977988E-6 1.0429215522603267E-6 0.05091858658947863 0.018700929301509083 
Dutch/CKTAUS_legal11.nl,3.102337863997553E-6 1.6770343048306123E-6 1.6645380808795702E-6 1.8701105337273054E-6 2.4884974419822176E-6 4.3803555295046894E-7 1.2964831102395286E-6 9.515465166095675E-7 3.1184667417612495E-6 1.496852937548271E-6 0.036027430847993855 1.8532932142796698E-6 2.190959127550491E-6 0.09384268655924595 0.8338703788152715 1.2651237293249781E-6 1.1775008095302899E-6 8.202532378318589E-7 0.006566340209682584 0.029667752534603124 
Dutch/CKTAUS_legal12.nl,3.49600050354101E-6 1.8898369652712954E-6 1.875755067315503E-6 2.107413071754703E-6 0.002984456834872468 4.936188709344625E-7 1.460996772411305E-6 1.0722903974498781E-6 3.514176010934256E-6 1.6867919784380143E-6 0.03773205907815083 2.0884617647615358E-6 2.4689748663559263E-6 0.11773454617430397 0.7535008024849438 5.876513055949202E-5 1.3269165395587899E-6 9.243370187914466E-7 0.03721608357334356 0.050748881153998386 
Dutch/CKTAUS_legal13.nl,3.462448097459774E-6 1.8716995029849232E-6 1.8577527541969095E-6 2.0871874513370857E-6 0.034928113441217344 4.888814285942285E-7 1.446975047602722E-6 1.061999231068235E-6 3.480449167805836E-6 0.018060624872242147 0.00880498091530628 0.003693364101947921 2.445279204059415E-6 0.1949168619802268 0.039698394342003056 1.1499030429822759E-4 1.3141816321907587E-6 0.0084625009566496 0.5923137237783528 0.09898692845423852 
Dutch/CKTAUS_legal14.nl,8.811710951909773E-4 1.9283148222681715E-6 1.9139462110848655E-6 2.1503208676643275E-6 0.001816576121553476 5.03669153935488E-7 2.9402538149389025E-4 1.0941226704609402E-6 3.585726078212768E-6 1.7211357560879017E-6 0.005619405965375946 2.1309837042751923E-6 2.519244208940664E-6 0.11123861690008913 0.06529658344128852 1.454685114212346E-6 1.3539331054288534E-6 9.431569002307275E-7 0.6945970672883213 0.120235254568094 
Dutch/CKTAUS_legal15.nl,2.661526234166643E-6 1.4387442611271996E-6 1.4280236274207007E-6 1.6043862611059993E-6 0.003276101328381108 3.757950187195615E-7 0.003842566200664479 8.163411362690466E-7 2.675363357387139E-6 1.2841648900357391E-6 0.6206151199691877 1.5899585169786827E-6 1.8796454324444564E-6 0.1484324558666582 0.046317839708912484 1.0853621180790335E-6 1.0101895514626638E-6 7.037033382097628E-7 0.10158237059656387 0.07591499312588863 
Dutch/CKTAUS_legal16.nl,2.7089458080782135E-6 1.4643779140871265E-6 1.4534662742293833E-6 1.6329711053636196E-6 0.005733724900702238 3.8249044010485997E-7 1.132082526369973E-6 8.308856289557723E-7 2.7230294629612028E-6 1.3070444510695458E-6 0.21544623217391615 0.002400872593997347 1.9131344825868662E-6 0.10273649890549813 0.006755622545272318 1.1046996727942072E-6 1.0281877802553547E-6 7.162409987556884E-7 0.650244491283468 0.01666416004060026 
Dutch/CKTAUS_legal17.nl,3.046988788396462E-6 1.6471141921308027E-6 1.6348409143817916E-6 1.8367457314873935E-6 0.01669410408017852 4.302205231248715E-7 1.273352444003286E-6 9.345698936901305E-7 3.062829909470256E-6 1.4701474560578321E-6 0.11824326191044678 1.8202284512767207E-6 2.1518700380618843E-6 0.1344473064283464 0.019642623005672943 1.2425525484901117E-6 1.1564929167139164E-6 8.056190295466613E-7 0.6552250274857894 0.05572516351672915 
Dutch/CKTAUS_legal18.nl,2.766972711885166E-6 1.4957455834234288E-6 1.4846002110655694E-6 1.66795012080494E-6 8.644843404262973E-4 3.906835667111058E-7 1.156332270924961E-6 8.48683593138821E-7 2.7813580453343005E-6 5.459233692300892E-4 0.08323337540709129 1.6529507667569245E-6 1.9541147304234177E-6 0.1198225777089347 0.5175880350784423 1.1283628636404932E-6 1.0502120500810723E-6 9.149630443177298E-5 0.21860902021081957 0.0592267096141098 
Dutch/CKTAUS_legal19.nl,9.946770834556999E-5 1.5906734841509123E-6 1.5788207677015958E-6 1.7738070293867938E-6 0.001836337799573813 4.154784056513804E-7 1.2297192133561166E-6 9.025455284648366E-7 2.957877691015473E-6 1.419770764720241E-6 0.03364126842874385 1.7578557372499575E-6 2.078133153874269E-6 0.14745611448823778 0.07147921077320885 1.1999747200225698E-6 1.11686404380097E-6 7.780133488920227E-7 0.6697901979435736 0.07567860332442819 
Dutch/CKTAUS_legal1.nl,2.5971307941719E-6 1.4039339449462634E-6 1.3934726962180863E-6 1.5655682483886493E-6 2.083252573097279E-6 3.667026846791811E-7 1.0853544511712468E-6 7.965898199073976E-7 2.6106331291695314E-6 1.253094610863554E-6 0.9547219924283733 1.5514895825154875E-6 1.8341675434413188E-6 0.029404066720834822 0.0015355580288488845 1.0591018579883757E-6 9.857480863328269E-7 6.866772854479813E-7 2.054798154305269E-6 0.014315055106480115 
Dutch/CKTAUS_legal20.nl,3.1188421993986514E-6 1.6859560721749362E-6 1.6733933687234733E-6 1.8800594602591151E-6 0.0028670994108728693 4.403658876852501E-7 0.006600108738163425 9.566087127817262E-7 3.1350568822615747E-6 1.5048161459447875E-6 0.016218065402130145 1.8631526732251369E-6 2.2026149580487837E-6 0.16585456137311863 0.0393907117410762 1.2718541459552813E-6 1.1837650751091883E-6 8.24616958079134E-7 0.7110876867817705 0.05796002545032856 
Dutch/CKTAUS_legal21.nl,2.8281957571488034E-6 1.5288409945792648E-6 1.5174490156562541E-6 1.7048557922287672E-6 2.2685981397335355E-6 3.993279734975454E-7 0.06327237778388099 8.674618751992336E-7 0.0032035118984814074 1.3645815873822188E-6 0.030153402799965413 1.6895245570140664E-6 1.99735218414935E-6 0.15772756117006792 0.0734784887809405 1.1533294310293719E-6 1.0734494241261254E-6 7.477704971934873E-7 0.6612882847296593 0.010857232099775517 
Dutch/CKTAUS_legal2.nl,3.1846563914458744E-6 0.001934341718990367 6.807374194041077E-4 1.9197327064405184E-6 0.014523322409598595 4.496585428599014E-7 1.3308844505110285E-6 9.76795187605365E-7 3.201213238542734E-6 2.62701460916323E-4 0.09151462443185593 4.197662930780029E-4 2.249094810053819E-6 0.12615777194676958 0.4503030495966063 1.2986929687190931E-6 1.2087450314555059E-6 8.420181266457517E-7 0.2631522627551721 0.0510347604761543 
Dutch/CKTAUS_legal3.nl,4.8061057782186565E-6 2.598042062488804E-6 2.578683057515816E-6 2.897153513277517E-6 0.45191960055250774 6.785995898550247E-7 2.008496572793017E-6 1.4741248091618831E-6 4.8310924482767E-6 2.3189071815099986E-6 0.031061568964539685 2.871100317360525E-6 3.3942084274447116E-6 0.09319646180434775 0.12194936138935514 1.959914984190487E-6 1.8241705747833842E-6 1.2707267869484922E-6 0.2195372668144176 0.08230022914872832 
Dutch/CKTAUS_legal4.nl,9.362759463316628E-6 5.061237523506506E-6 3.12149159773317E-4 0.0027697746547900417 0.9825024180643512 1.3219777143716576E-6 3.912745819948802E-6 2.8717378776057218E-6 9.411435916215971E-6 4.51745574486352E-6 7.194055429300847E-6 5.5931814460525685E-6 6.612246700551337E-6 0.0025014869544232638 7.486125166421276E-6 3.818104180871129E-6 3.5536609263076092E-6 2.4754988339440256E-6 0.011831744594245668 9.23434967349644E-6 
Dutch/CKTAUS_legal5.nl,5.345923863270685E-6 2.8898521382081824E-6 2.8683187447645137E-6 3.222559555884196E-6 0.44524787427985163 7.548193711117754E-7 2.2340893549311887E-6 1.6396973679715223E-6 5.3737170167905975E-6 2.579365043217755E-6 0.011490304921735228 3.1935800851454693E-6 3.7754432937005624E-6 0.08516354743763203 0.0072817887145569535 2.1800511198588583E-6 2.029060003341239E-6 1.7677524435347387E-4 0.44305579332793343 0.007545829596979248 
Dutch/CKTAUS_legal6.nl,2.9664888383878973E-6 1.6035982426695295E-6 1.5916492189016945E-6 1.7882198097228461E-6 0.0010727832380399169 4.188543078187637E-7 1.239711096691505E-6 9.098790152700764E-7 2.981911444809003E-6 1.431306881005977E-6 0.012457886165938003 5.042685299960943E-5 2.0950186866067734E-6 0.15531994097907306 0.046613587997407474 1.2097249193181944E-6 4.97806530324746E-5 7.843349697393443E-7 0.7495282176087757 0.034888355807302755 
Dutch/CKTAUS_legal7.nl,2.4458592341040794E-4 1.5928259523773446E-6 1.5809571970641077E-6 1.7762073103423888E-6 5.822980126020193E-4 4.160406228982535E-7 9.677888319697638E-4 9.037668354095274E-7 1.4794549754188139E-4 1.4216919707316111E-6 0.038761217740565214 5.0088106869451025E-5 2.0809452429853147E-6 0.16838830649152292 0.16542866331339406 1.2015985023280562E-6 1.1183753623660177E-6 7.790661413286328E-7 0.5416611255257284 0.08375510908125798 
Dutch/CKTAUS_legal8.nl,2.8928755258542072E-6 1.5638050106544519E-6 2.862362472975241E-4 1.743845200242232E-6 2.3204801222987732E-6 4.0846045341805035E-7 5.231297881703777E-4 8.873004006290313E-7 2.9079154208584117E-6 1.3957890528585525E-6 0.050391307575178027 9.662286161081827E-5 2.0430308741648717E-6 0.09116010155025464 0.6856639553553332 1.1797056394836687E-6 1.0979988069946657E-6 7.648717260178875E-7 0.09067417297803651 0.08118526756588523 
Dutch/CKTAUS_legal9.nl,3.4432850519432625E-6 1.8613405136919871E-6 1.8474709536947683E-6 2.0756358361198616E-6 0.014008527923863716 4.861756964634851E-7 1.4389667113279313E-6 1.0561215575174339E-6 5.993604915739707E-5 1.6613571992368232E-6 0.029708423474545952 2.056970291873439E-6 2.431745716951739E-6 0.08924664183385052 0.022140899290454825 1.4041609318561465E-6 1.306908245925962E-6 0.004744798862802444 0.8244227694084884 0.015646933018130187 
Dutch/CKTAUS_pharma10.nl,4.00435126236736E-6 3.305504429760088E-4 2.1485071767263537E-6 2.4138503943757876E-6 3.212035023277303E-6 5.653956133452195E-7 1.6734391954446753E-6 1.2282113238552765E-6 4.0251696563866376E-6 0.3393558242596218 3.0768199324920963E-6 0.0937237012509431 2.827986612940046E-6 0.017095086342133383 3.2017350096250506E-6 1.632961986946685E-6 0.549456650902241 1.058744157588475E-6 3.1681629595116253E-6 3.949431779924023E-6 
Dutch/CKTAUS_pharma11.nl,3.923187166575831E-6 2.1207617451894878E-6 2.1049591383863033E-6 2.3649241209799547E-6 3.146930365560313E-6 5.539356237701462E-7 1.6395202981599072E-6 1.2033167391872233E-6 5.187112036769463E-4 0.09394698357139408 3.0144559460753717E-6 0.09980291600085597 2.770666222866642E-6 0.012437407645541998 3.136839122627698E-6 1.5998635211906839E-6 0.7932583916056325 1.0372844986837192E-6 3.1039475435600906E-6 3.869380845751392E-6 
Dutch/CKTAUS_pharma12.nl,4.037497685687377E-6 2.1825547124151907E-6 2.166291662581814E-6 2.433831285601566E-6 3.2386229686458437E-6 5.700757328240841E-7 1.6872912579482342E-6 0.0011269921583333018 0.0017257995642595931 0.21614667389021752 3.102288621245829E-6 0.7411457242889326 2.851395558677847E-6 0.010283407537487015 3.2282376955869234E-6 1.6464789952554994E-6 0.029536013975222857 1.0675080196314556E-6 3.194387749426955E-6 3.982123601663332E-6 
Dutch/CKTAUS_pharma13.nl,3.7455615259341412E-6 2.0247424507629983E-6 2.0096553204431017E-6 2.2578501670180056E-6 3.0044504127811765E-6 5.288557165751235E-7 6.299792432241767E-5 0.007618795538629141 3.765034486861212E-6 0.6795081796448551 2.8779738854768895E-6 0.27724771795732694 2.6452219496405644E-6 0.019983401201208506 2.99481605946781E-6 1.5274283375441195E-6 0.015543878217779073 9.903205594722228E-7 2.9634136746587317E-6 3.694191332115938E-6 
Dutch/CKTAUS_pharma14.nl,6.788782017999998E-4 2.223937854270181E-6 2.207366442820749E-6 2.4799788505493E-6 3.3000300861691383E-6 5.808848661692182E-7 1.7192837725372906E-6 0.005264422225847824 4.1354408877079756E-6 0.7554004505133491 3.1611107205764208E-6 0.15877446208630375 4.7524036525114827E-4 0.03335289459037625 3.2894478992707825E-6 1.6776976737309274E-6 0.04602047650484626 1.087748903196231E-6 3.254956128593998E-6 4.057628139970819E-6 
Dutch/CKTAUS_pharma15.nl,3.89287776431785E-6 2.1043773571654036E-6 2.088696836703243E-6 2.346653405500696E-6 3.122618097427851E-6 5.496560783564287E-7 1.6268538414967073E-6 1.1940202642694536E-6 3.9131166139732475E-6 0.8315052487828053 2.9911671367529484E-6 0.11690954135248843 2.749260861994001E-6 0.012532866357038387 3.112604816501213E-6 1.5875034412447755E-6 0.039013115375927956 1.0292707405346237E-6 3.079967348200829E-6 3.839487135468493E-6 
Dutch/CKTAUS_pharma16.nl,4.711402306094788E-6 2.546848098935896E-6 2.5278705597633728E-6 2.840065611003977E-6 3.779186246258331E-6 6.652279038566939E-7 1.9689194998009014E-6 7.87189000149766E-5 4.735896618198075E-6 0.11946760291733093 3.620096134326539E-6 0.836337396275029 5.442440841831382E-4 0.0325546628755293 3.767067552144234E-6 1.921295202888206E-6 0.010974671031525884 1.2456873382975237E-6 3.7275676621592552E-6 4.646785653039208E-6 
Dutch/CKTAUS_pharma17.nl,4.107400501092455E-6 2.2203421567806156E-6 2.2037975382482757E-6 2.475969181974266E-6 3.2946945459365076E-6 5.799456824366329E-7 1.7165040076563193E-6 0.004986441353530715 7.149607268316608E-5 0.8520638203692752 3.1559997873458043E-6 0.13076241802101918 2.9007629126435705E-6 0.01207826392610291 3.2841294684833604E-6 1.6749851459046209E-6 1.5589750785136599E-6 1.085990213764784E-6 3.2496934646406153E-6 4.0510677033612844E-6 
Dutch/CKTAUS_pharma18.nl,4.177475404321054E-6 2.258222626856372E-6 2.241395746454925E-6 2.5182108140668003E-6 3.350904161096482E-6 5.898399300425778E-7 1.7457886737598624E-6 0.23597261689192678 4.199193860888619E-6 0.4039761719803152 3.2098431804186038E-6 0.32442882366399983 2.950251799918756E-6 0.03537443726639308 2.0889010272171589E-4 1.7035614734327955E-6 1.5855721994259218E-6 1.104517907647212E-6 3.3051353323125727E-6 4.120181532706643E-6 
Dutch/CKTAUS_pharma19.nl,5.264680173991678E-6 2.8459341447642544E-6 2.82472800108523E-6 3.1735853029884254E-6 4.22299044145732E-6 7.433481433096529E-7 2.200137195114509E-6 1.6147783704544902E-6 0.004236362723252849 0.020121712954343427 4.045217773417077E-6 0.8974218694805891 3.7180666924452915E-6 0.05571971794692491 9.055782967054615E-5 2.146920196126285E-6 0.016839932531898288 0.005527688361452755 4.165310090967111E-6 5.192475341937463E-6 
Dutch/CKTAUS_pharma1.nl,3.840887689479668E-6 2.0762730233253767E-6 2.0608019190025573E-6 2.3153134319496296E-6 3.0809149774212604E-6 5.423153236810709E-7 1.605126919129542E-6 1.1780739112997623E-6 3.860856245698712E-6 0.0029626709251583793 2.951219567702948E-6 0.994207089848601 2.7125439942631697E-6 0.0027900771737633585 3.071035425642124E-6 1.5663020504709117E-6 1.4578194129537919E-6 1.015524646752888E-6 3.0388338365350245E-6 3.7882101019733956E-6 
Dutch/CKTAUS_pharma20.nl,4.190971516361244E-6 2.2655182354797577E-6 2.2486369927084095E-6 2.5263463629325847E-6 3.3617298808475356E-6 5.91745517750742E-7 1.7514287690947594E-6 1.2854513345831389E-6 4.212760138446211E-6 0.07293304408768338 5.531242431693214E-4 0.8801926416351247 2.9597831376250876E-6 0.031020750728168355 3.350949841583647E-6 1.7090651459353359E-6 0.015261427526988922 1.1080862583828224E-6 3.3158131873411728E-6 4.133492546227827E-6 
Dutch/CKTAUS_pharma21.nl,4.35688543483546E-6 2.3552065109442474E-6 2.3376569665330586E-6 2.6263604104776166E-6 7.495404778618857E-5 6.151717847168372E-7 1.8207650575602278E-6 0.008362066525105715 4.3795366339277285E-6 0.11748108014315786 3.34769631112757E-6 0.8323597411393027 3.076956259962042E-6 0.02260181670589028 3.4836086336220164E-6 1.7767243257180786E-6 0.018152298684320462 1.1519536367264837E-6 9.324171015072279E-4 4.297130963394657E-6 
Dutch/CKTAUS_pharma2.nl,4.131615721813281E-6 2.2334322061653533E-6 2.2167900486690396E-6 2.490566283041845E-6 3.3141184505731105E-6 5.833647580058543E-7 1.7266236741954173E-6 0.006032306209455881 4.1530957565048684E-6 0.050351004145514376 5.452904679196244E-4 0.8828381492800272 1.3844682986539198E-4 0.023533904551823758 3.303491086600206E-6 1.6848600375791477E-6 0.0365266243618122 1.0923926799279878E-6 3.268852064952508E-6 4.074950813509859E-6 
Dutch/CKTAUS_pharma3.nl,4.583540546761478E-6 2.477729722383043E-6 2.4592672106670534E-6 2.762989665870775E-6 3.676623703112792E-6 6.471744232539665E-7 1.915485406324202E-6 1.405859784527014E-6 4.607370112864379E-6 0.10374606374248528 3.521851104371885E-6 0.12983290682851545 3.237026538587465E-6 0.026784682912541026 3.6648338956972994E-6 1.8691535752199119E-6 0.7391390984193326 1.211880890809924E-6 2.2915651950935445E-4 2.300507910359147E-4 
Dutch/CKTAUS_pharma4.nl,7.143621881024921E-5 2.219146173372288E-6 2.202610466569702E-6 2.4746355055171817E-6 3.292919864498148E-6 5.796332957119981E-7 1.715579415783299E-6 1.2591399025275961E-6 4.126530695785146E-6 0.16294307514287024 3.154299813595893E-6 0.29821158758794825 2.899200421788538E-6 0.020622798896084593 3.28236047790544E-6 1.67408291809366E-6 0.5178445156584497 1.0854052470409385E-6 3.2479430229557647E-6 2.7337300861577794E-4 
Dutch/CKTAUS_pharma5.nl,4.57322654374564E-6 2.4721542700512973E-6 2.453733303162844E-6 2.756772314141083E-6 3.668350468137528E-6 6.457181344123785E-7 1.9111751308818737E-6 0.008177224547366597 4.597002487934619E-6 0.7653041363303019 3.5139261427529696E-6 0.18759658931695872 3.229742496668182E-6 0.024849222819403074 3.6565871904555455E-6 1.8649475568777144E-6 0.013878130665493624 1.2091538846811176E-6 3.6182457511943187E-6 1.545255848009522E-4 
Dutch/CKTAUS_pharma6.nl,3.791918082087337E-6 2.049801467005201E-6 2.0345276123720016E-6 2.285794216882937E-6 3.04163468363222E-6 5.354010448396856E-7 1.5846622657995503E-6 0.006593615687585054 3.8116320481081524E-6 0.9314656323367885 2.9135928326242783E-6 0.03706926306539246 2.677960266444904E-6 0.021350196795115798 3.0318810917381285E-6 1.5463323969245584E-6 0.0034842443977809497 1.0025771597995633E-6 3.000090058550251E-6 3.739912110360309E-6 
Dutch/CKTAUS_pharma7.nl,4.51030151229055E-6 2.438138814285706E-6 2.419971309566642E-6 2.718840673772406E-6 3.617876023806418E-6 6.368334151599311E-7 1.884878433336594E-6 0.0178294736545926 4.53375031282687E-6 0.7508532804372853 3.465576490500123E-6 0.18360983141134588 3.1853030519455886E-6 0.047661636147681874 3.606274602225609E-6 1.8392869248149727E-6 1.7118972577359496E-6 1.1925166056179019E-6 3.568460719657336E-6 4.448442946822956E-6 
Dutch/CKTAUS_pharma8.nl,2.3375119143021213E-4 2.5168966047966632E-6 2.498142245661277E-6 2.806665814393192E-6 8.009980760166582E-5 6.57404677307791E-7 1.945764573174713E-6 0.3229492897330467 4.680201431719055E-6 0.365867274894627 3.577523007096829E-6 0.25116748158406005 3.288196057466499E-6 0.052637650407523134 3.7227660086963603E-6 1.8987003484745931E-6 0.007027353214084119 1.231037781055408E-6 3.6837306461105145E-6 4.592138431121486E-6 
Dutch/CKTAUS_pharma9.nl,4.5942473383738985E-6 2.483517504892832E-6 2.465011866195949E-6 2.769443793259405E-6 7.90375234080608E-5 6.486861720027726E-7 1.919959830161608E-6 0.017332440765769393 4.6181325684762505E-6 0.1889858136784686 3.5300778726266406E-6 0.18220463350431984 3.244587978971584E-6 0.037697982674940005 3.6733946605503757E-6 1.8735197715297994E-6 0.5736588904475423 1.2147117496241095E-6 3.6348769852088342E-6 4.531237459992E-6 
Dutch/CKTAUS_software10.nl,3.6478550819038268E-6 1.971925167273859E-6 1.957231598732076E-6 2.1989520526911926E-6 2.9260765390467045E-6 5.150600250309104E-7 1.5244575896049066E-6 0.26947592298563494 3.6668200725963275E-6 0.3213492673697775 2.802899269183696E-6 0.292571404785822 2.576218883323063E-6 0.04746260596259123 9.003683058020384E-4 1.4875839536408673E-6 0.0682077070878 9.644871297858662E-7 2.8861102822736607E-6 3.5978249272045576E-6 
Dutch/CKTAUS_software11.nl,3.7483247595225074E-6 2.0262361750841716E-6 2.0111379144531154E-6 2.259515863169518E-6 3.0066669024150258E-6 5.292458721951344E-7 1.245223558614768E-4 0.25402806278350964 0.0013562828382744675 0.31790431764633686 2.8800970688905723E-6 0.2831697033159478 2.6471734236957415E-6 0.0548561445672746 2.9970254414975007E-6 1.5285551756048215E-6 0.08311961884173388 9.91051154074457E-7 0.005413025704642531 3.696916668090284E-6 
Dutch/CKTAUS_software12.nl,3.597913931975623E-6 1.9449284231009444E-6 6.0941436302316424E-5 1.792018480391994E-4 2.8860169358396423E-6 5.080085689410845E-7 1.5035869236019378E-6 0.2596495048018456 3.6166192814756155E-6 0.3213166325145322 2.764526030803047E-6 0.29971901978937154 2.5409490245673914E-6 0.04693083868503941 2.8767623624541225E-6 1.4672181080709288E-6 0.06585764191577606 9.512827685184991E-7 0.006258012628016549 3.548568717714136E-6 
Dutch/CKTAUS_software13.nl,3.6837804416075592E-6 1.9913453797967157E-6 1.9765071038245816E-6 2.220608105821177E-6 0.0012113416020816756 5.201325172908255E-7 1.5394709840600005E-6 0.2616772716143459 6.412226763179022E-5 0.2875373946846742 2.830503206894456E-6 0.3261457732662186 2.6015903928761854E-6 0.046479970347278736 0.0033864282019633197 1.5022342035614747E-6 0.07002740794718942 9.739857382254027E-7 0.0034468166529700666 3.633257572350488E-6 
Dutch/CKTAUS_software14.nl,3.489797306311581E-6 1.886483695895284E-6 1.8724267844319985E-6 2.8829232879293455E-4 0.0013192671059133725 4.927430085856232E-7 1.4584044240630576E-6 0.26346634622770687 6.331229816758321E-4 0.31526710620316556 2.6814525522091023E-6 0.2880223471993862 2.4645939922585122E-6 0.046837043769886885 8.613562813565504E-4 1.4231284844843232E-6 0.07607026907465443 9.226969032284716E-7 0.007214715165403599 3.4419349063028776E-6 
Dutch/CKTAUS_software1.nl,0.18124802686568042 2.5736968167457108E-6 0.06645581569648812 0.02389793219136159 3.819026197890671E-6 6.722406959730847E-7 1.9896757294568757E-6 0.31266756813014807 0.027335739302815992 0.11783775089851876 3.658258967671622E-6 0.1337683393745677 3.362402615112997E-6 0.10903407970550649 8.627796034272384E-4 5.485606189933734E-4 0.026317610856932197 1.258819298479673E-6 3.7668634538164485E-6 4.6957717848675135E-6 
Dutch/CKTAUS_software2.nl,3.6006761655045825E-6 1.7911533635431702E-4 1.931918075059324E-6 2.1705122784319255E-6 2.8882326232896603E-6 5.083985833573987E-7 1.5047412753436977E-6 0.2519353011673727 3.6193958756992824E-6 0.3230987814916598 2.7666484458019443E-6 0.30012629257580187 2.542899792352207E-6 0.05405362557989075 2.8789709448723397E-6 1.4683445383105161E-6 0.06720744164069059 9.520130987066036E-7 2.8487832633353633E-6 0.0033697606732698096 
Dutch/CKTAUS_software3.nl,3.71136171664614E-6 2.0062550209893955E-6 1.991305647578863E-6 2.2372342875088202E-6 2.9770175084166576E-6 5.240268639391419E-7 1.5509973421853898E-6 0.2523143692053889 6.460236516411713E-5 0.334552699460584 2.851695807453699E-6 0.288777601240469 2.6210690728086774E-6 0.05480216990233299 2.967471124034958E-6 1.5134817617147264E-6 0.06209055111266774 9.81278183840844E-7 0.007368413058484567 3.6604605715458676E-6 
Dutch/CKTAUS_software4.nl,3.5115042843799955E-6 1.8982178616988854E-6 1.8840735144787173E-6 2.116758857136771E-6 2.8167046312387426E-6 4.95807932058797E-7 1.4674758829672067E-6 0.26452920246176864 3.5297603950463175E-6 0.3548368304989398 2.698131524262014E-6 0.26792825479634136 2.4799240767997387E-6 0.04948972010431195 0.001442651594681672 1.431980522608534E-6 0.05627043328688881 9.284361939907032E-7 0.0054741851372168875 3.4633441742248E-6 
Dutch/CKTAUS_software5.nl,3.596640483859921E-6 1.944240033805814E-6 1.929752757781086E-6 2.1680795418683047E-6 2.8849954570332247E-6 5.078287640410481E-7 1.5030547430187286E-6 0.2606194263287224 3.615339212775729E-6 0.29813777095469746 2.7635475525705783E-6 0.32061341757986545 1.795103913521126E-4 0.04538048499076116 0.002244500072014422 1.19446926581744E-4 0.06748605540593881 9.509460708453548E-7 0.005193975612713927 3.54731273487729E-6 
Dutch/CKTAUS_software6.nl,3.5784862868885428E-6 1.934426398917439E-6 1.9200122480392784E-6 2.1571360674706493E-6 2.870433318831326E-6 5.052654765922457E-7 1.4954680097919921E-6 0.246215542601664 9.426748308431137E-4 0.3102495350125626 2.749598427870938E-6 0.3058480192522436 2.5272286697265097E-6 0.048790351291365386 2.8612287173380095E-6 1.459295574845325E-6 0.08522266314829643 9.461461298012732E-7 0.0017636019899670025 9.426071477317777E-4 
Dutch/CKTAUS_software7.nl,3.6324247680379735E-6 1.9635839849714274E-6 1.9489525697688858E-6 2.18965055370421E-6 2.913699326032684E-6 5.128813370985397E-7 1.5180091812787432E-6 0.2603527264383547 3.651309537408004E-6 0.3141514211920345 2.7910430922011107E-6 0.31498591692798283 2.56532155734265E-6 0.040708367532732104 2.904355983690771E-6 1.481291519651273E-6 0.06392752972699633 9.604073791384242E-7 0.005841422644869879 3.5826062393415013E-6 
Dutch/CKTAUS_software8.nl,3.634806828907886E-6 1.9648716583229977E-6 1.9502306481738706E-6 2.191086476327758E-6 2.9156100632383943E-6 5.132176729188327E-7 1.5190046568912622E-6 0.25760227102179495 3.6537039824766344E-6 0.3209748212836313 2.7928733942612307E-6 0.3033884902168183 2.567003836396096E-6 0.043596635814029644 8.375316218980046E-4 1.4822629166632477E-6 0.06891758800569675 9.61037192275134E-7 0.004652931371173836 3.5849556303626535E-6 
Dutch/CKTAUS_software9.nl,3.6413192662111407E-6 1.9683920939571566E-6 1.953724851695804E-6 2.1950122181827607E-6 2.920833924816558E-6 5.141371985154132E-7 1.5217262382728866E-6 0.25943744068894664 3.660250277570308E-6 0.30649973431907407 2.797877350105982E-6 0.30859045455757805 2.571603104618217E-6 0.04767618236655708 0.0038251777487573746 1.4849186683348185E-6 0.0737591767148747 9.62759070425855E-7 6.260384991653797E-5 1.230372000328236E-4 
Dutch/CKTAUS_undef1.nl,5.045118706367283E-6 2.7272455526872452E-6 2.706923803097689E-6 3.0412321450135816E-6 0.5724495566171164 7.123470940707606E-7 8.485563626726774E-5 1.5474346577904971E-6 0.04750199568935505 2.4342289869661845E-6 0.006127173379825794 3.01388329499926E-6 3.5630061469345624E-6 0.36378090179661526 4.033895163417979E-6 2.057383712701777E-6 1.914888584465464E-6 1.3339214281488418E-6 8.673885238115273E-5 0.00993464651916253 
Dutch/CKTAUS_undef2.nl,3.3449075900166117E-4 1.818915904006138E-6 1.805362466000069E-6 2.0283268996036287E-6 0.07621685634831643 4.7509453532747256E-7 7.188457383012985E-4 1.0320499034977103E-6 0.005135834600439246 1.6234907098932933E-6 0.02014608100951482 2.0100867898348868E-6 5.756397931739257E-5 0.09344869294734799 0.0252234506178959 1.372156589269762E-6 1.2771205354985717E-6 8.896488612709642E-7 0.01109538165956381 0.7676084700871074 
Dutch/CKTAUS_undef3.nl,2.710029483063415E-6 1.4649637175054325E-6 1.4540477126023914E-6 1.6336243520742633E-6 5.355547227016745E-4 3.8264344992911865E-7 0.005868322545461272 8.312180128554346E-7 2.7241187719108974E-6 1.3075673154885926E-6 0.016892477786531458 1.6189336789344716E-6 1.9138998046453304E-6 0.06104054096301841 0.04222815555071973 1.1051415920817756E-6 1.0285990920557715E-6 7.16527520712463E-7 0.019114960063215218 0.8543010970538484 
Dutch/CKTAUS_undef4.nl,2.7007859687977394E-6 1.4599669404939322E-6 1.449088168487314E-6 1.62805229830233E-6 2.1663981388649743E-6 3.8133830907726005E-7 0.007354397828287361 8.283828497667177E-7 2.7148272011413094E-6 1.3031073945875154E-6 0.028086247759489612 1.6134117329003281E-6 1.9073717722907464E-6 0.051264231341085674 0.03619264680230002 1.1013721157215212E-6 1.0250906909699165E-6 7.140835501206862E-7 0.012892506231785917 0.8641889767599199 
Dutch/CKTAUS_undef5.nl,4.8976029030017715E-6 2.6475027672158287E-6 2.6277752116167357E-6 2.9523086073916635E-6 3.928544481696145E-6 6.915185546502085E-7 2.0467336965742202E-6 1.5021887319787801E-6 4.923065261397466E-6 2.363053804480441E-6 0.002654579975869481 2.9257594189543613E-6 3.4588262961219417E-6 0.04685436515577816 0.0066711218602429805 0.7439979149371705 1.8588985583960347E-6 1.294918482420032E-6 8.420266795483594E-5 0.19969969670620813 
Dutch/CKTAUS_undef6.nl,3.236223447106726E-5 1.7494089866478312E-5 1.7363734712644266E-5 1.950817681131314E-5 2.595891912117769E-5 4.569395692118548E-6 1.3524345909663715E-5 9.926117924811046E-6 3.253048388387343E-5 1.5614516489581535E-5 2.486614224289991E-5 1.933274587535508E-5 2.28551292962493E-5 0.020854464340479394 2.5875676809245162E-5 0.9787853915088632 1.2283174482739323E-5 8.556523748242417E-6 2.560435531763287E-5 3.191838800221124E-5 
Dutch/CSTAUS_business10.nl,7.490205969130693E-6 4.048989153068308E-6 4.0188185864398615E-6 4.5151475102743675E-6 6.0081652003188676E-6 1.0575819453698464E-6 3.1301959866744235E-6 2.2973898108668805E-6 0.0029559346171832805 3.6139638231691053E-6 5.755243112880129E-6 1.2732477211928805E-4 0.9442321415829945 0.0447530684515255 5.988898852617238E-6 0.003320010636509277 2.842928133183807E-6 1.980398643715169E-6 5.926101771722075E-6 0.004552845911168647 
Dutch/CSTAUS_business11.nl,0.010750869045931291 4.2152158668906124E-6 4.1838066814476405E-6 4.700511833240536E-6 6.2548236920052954E-6 1.1009997873868868E-6 3.258702676323211E-6 2.3917065759142392E-6 7.838247823779842E-6 3.762331059407033E-6 5.991518171601279E-6 4.658241599668062E-6 0.9622777539475652 0.02689472475619811 6.234766385981791E-6 3.179881056737897E-6 2.959641362917705E-6 2.061701691502654E-6 6.169391241278547E-6 7.69076279928681E-6 
Dutch/CSTAUS_business12.nl,0.0075798383360744705 1.372156879369732E-4 4.0285812432837206E-4 4.882213508114165E-6 6.496608412732847E-6 1.1435597281977983E-6 3.3846701784185948E-6 2.4841597184798417E-6 0.002399216778440284 3.907766679862017E-6 6.22312462754444E-6 4.8383092881780986E-6 0.9549747220076469 0.03444339870101983 6.475775777079886E-6 3.3028016522828874E-6 3.0740484342635237E-6 2.1413982572652732E-6 6.4078735090102716E-6 7.988054781790516E-6 
Dutch/CSTAUS_business13.nl,0.009340304317827121 4.3321206200168765E-6 4.299840332550649E-6 4.8308757796633845E-6 6.4282949073956425E-6 1.131534904069174E-6 3.349079502544564E-6 2.4580381412805388E-6 8.055633707615349E-6 3.866675509980499E-6 6.157686874420112E-6 4.787433223871498E-6 0.9618887691125089 0.028692148446643837 6.407681332254944E-6 3.2680718449793184E-6 3.0417240257753492E-6 2.118880904827952E-6 6.340493073966663E-6 7.904058334982945E-6 
Dutch/CSTAUS_business14.nl,6.768458210928131E-6 3.6588331471777635E-6 0.002001856915175112 4.080073013401403E-6 5.429225210936431E-6 9.556745477185665E-7 2.8285738489885187E-6 2.076015932425588E-6 0.003337179222694383 3.2657263650341335E-6 5.200674409195461E-6 4.043382192191338E-6 0.9569326954823089 0.03766540051646287 5.411815346663923E-6 2.7601562012191013E-6 2.5689868002868493E-6 1.7895696748804563E-6 5.355069321313099E-6 6.675629136371928E-6 
Dutch/CSTAUS_business15.nl,0.01703655260524836 0.00130475021605526 3.868635554407775E-6 0.0022512735267593946 0.005209193790020139 1.0180601655826332E-6 3.013220732872315E-6 2.2115364785667378E-6 0.0040280647171069646 3.478910191624463E-6 5.540169990721655E-6 4.307330726682082E-6 0.930824212292087 0.037640719924370326 5.765094028170978E-6 2.9403368395184663E-6 2.7366880634450294E-6 1.9063912540935204E-6 5.704643670773964E-6 0.0016627419106560878 
Dutch/CSTAUS_business16.nl,0.010609749348439456 4.159885457278422E-6 4.1288885598773975E-6 0.00404351652398885 6.17272067098351E-6 1.0865476760021411E-6 3.2159277960847986E-6 2.3603121921634683E-6 7.735360219342276E-6 3.7129453754498283E-6 2.583427284373714E-4 1.3081202440094067E-4 0.9366464192446153 0.04812444789427982 6.152926644230402E-6 3.1381408168680143E-6 2.9207920669180167E-6 2.034639068213296E-6 6.0884096367256114E-6 1.338047396581282E-4 
Dutch/CSTAUS_business17.nl,0.0054456153825361035 3.813789639962698E-6 3.785371634853404E-6 4.252869579692165E-6 5.659160182930216E-6 9.961486470287591E-7 2.9483677465486E-6 2.163937992523478E-6 0.00336279919189919 3.4040342581697686E-6 3.525630749080159E-4 4.214624852976325E-6 0.9611258678658621 0.02965631475288424 5.6410129875472126E-6 2.8770525196012085E-6 2.677786838050337E-6 1.8653603516506308E-6 5.581863691887483E-6 6.958350986889496E-6 
Dutch/CSTAUS_business18.nl,7.211150165107691E-6 3.898139639951244E-6 5.952356356289762E-4 0.0021332664838241027 2.4233094145108803E-4 1.0181805749266724E-6 3.0135771164576433E-6 2.2117980443029344E-6 7.248640523878226E-6 3.4793216538428134E-6 5.540825244956131E-6 4.307840168937946E-6 0.9565996118966018 0.04036545791243415 5.765775884915524E-6 2.940684602884591E-6 2.7370117405966356E-6 1.9066167292944444E-6 5.705318377854741E-6 7.112249591970967E-6 
Dutch/CSTAUS_business19.nl,0.008115062205807174 3.929744947635443E-6 3.900462915184062E-6 4.382174771420068E-6 5.8312225466497425E-6 1.026435771846461E-6 3.038010574669237E-6 2.229730844095191E-6 0.0011996298505760634 3.5075312721630473E-6 5.585749106814862E-6 4.342767243534827E-6 0.9386013584458133 0.0478466673104231 5.8125235999058395E-6 0.00417609306558764 2.7592028641034126E-6 1.9220751822825335E-6 5.751575915917351E-6 7.169914236504808E-6 
Dutch/CSTAUS_business1.nl,9.225342513004205E-6 4.986953886506961E-6 4.949794185945198E-6 5.561099714839152E-6 7.639448844537955E-4 1.3025750856272478E-6 3.855318562522007E-6 2.829589463691705E-6 0.004851160686655845 4.451153177328524E-6 7.088468485478746E-6 5.5110904834606165E-6 0.9484112061702983 0.03771976520362764 7.37625152350038E-6 1.5507104666707462E-4 3.5015039474969384E-6 2.4391660090332335E-6 0.007572747941795829 4.6302575946304E-4 
Dutch/CSTAUS_business20.nl,6.7624524758462415E-6 0.002665591981023583 0.002332822692549245 4.076452715119338E-6 4.490804735274495E-4 9.54826566098641E-7 2.826064021097559E-6 2.0741738583036264E-6 0.0020032499058834823 3.2628286464123846E-6 5.1960597877003675E-6 4.0397944501200456E-6 0.9457685939642959 0.04672692889719311 5.407013377253564E-6 2.7577070811370135E-6 2.566707307133374E-6 1.787981767997828E-6 5.3503177033394465E-6 6.669705769654045E-6 
Dutch/CSTAUS_business21.nl,0.012875161966259985 3.7203713080703627E-6 3.692649398677833E-6 4.14869603594779E-6 5.52053971507294E-6 9.717481022406772E-7 2.876147822879599E-6 2.1109325840809793E-6 0.0023773906486227237 3.3206528365070647E-6 5.288144902019096E-6 4.111388109346995E-6 0.9409695913502951 0.041572407162456596 5.502837033121783E-6 3.4144551810921976E-4 2.6121947621391023E-6 1.8196685676562188E-6 0.0018115194760865844 6.787906991996541E-6 
Dutch/CSTAUS_business2.nl,0.004307247696866427 4.884952945873955E-6 4.848553293328917E-6 5.4473554503489E-6 7.248625072841705E-6 1.2759327931571725E-6 3.0020481154790227E-4 2.7717142971130223E-6 0.006530507287598856 1.5257428524627657E-4 6.943484098291503E-6 5.398369085585343E-6 0.9512449505420988 0.03739290439532037 7.225380949826461E-6 3.685118348897049E-6 3.429885740390348E-6 2.3892763904517166E-6 7.149618636391107E-6 8.912714218858501E-6 
Dutch/CSTAUS_business3.nl,0.004404489230534695 5.17325059376707E-6 5.134702725194338E-6 5.7688446808439066E-6 7.676420710202845E-6 1.3512351404290345E-6 1.609607430733857E-4 2.935293910129427E-6 0.0036197319738054397 4.617434077316453E-6 7.3532710820968424E-6 5.71696726392557E-6 0.9574713113568339 0.03363520637180692 7.651804777455372E-6 3.902604773836339E-6 1.605937110717034E-4 2.5302854792118435E-6 4.7845577744338574E-4 9.43872021607302E-6 
Dutch/CSTAUS_business4.nl,1.6544072605846963E-4 5.139369920009139E-6 5.101074509293513E-6 5.731063339876712E-6 7.626146264572013E-6 1.3423856257702457E-6 0.002498908025963784 2.916070071355299E-6 0.0015688910225345313 4.5871935593410035E-6 7.305113009320255E-6 5.679525678747537E-6 0.9649227781896482 0.03076405423457299 7.601691546591067E-6 3.8770458188327285E-6 3.6085202454446045E-6 2.5137141232951404E-6 7.521983398108523E-6 9.376904111375047E-6 
Dutch/CSTAUS_business5.nl,4.0201904691756986E-4 5.296772302389035E-4 4.296451960396122E-6 4.827068939476815E-6 6.63108883550343E-4 1.130643228782583E-6 3.3464403515873036E-6 2.4561011512184592E-6 0.00407950034225669 3.86362848157588E-6 6.152834476859293E-6 4.783660617408736E-6 0.9444509632268157 0.04942080505534458 6.402631933365192E-6 3.2654965299019905E-6 3.0393270779369215E-6 2.1172111783959434E-6 6.335496620955336E-6 4.0190922232840226E-4 
Dutch/CSTAUS_business6.nl,8.122872501097651E-6 2.708447414191215E-4 4.358271470401389E-6 4.896523233240776E-6 6.515649915216696E-6 1.1469114917675758E-6 3.3945906171329022E-6 2.4914407689056307E-6 0.001873341359851401 3.919220309850714E-6 6.241364551443878E-6 4.8524903304197565E-6 0.9589727864518252 0.0385411582666096 2.7294850721915694E-4 3.31248213506254E-6 3.0830584433602362E-6 2.1476746768436353E-6 6.426654930266764E-6 8.01146770054832E-6 
Dutch/CSTAUS_business7.nl,0.012409110371309562 4.3481231910943975E-6 1.3624196620162774E-4 4.848720719777365E-6 6.45204060960152E-6 1.135714720218659E-6 1.352876933231137E-4 2.467117973888465E-6 8.085390693232264E-6 3.880958757172709E-6 6.180432968198231E-6 4.805117690017223E-6 0.9530408567032096 0.034075185073593355 6.431350889258442E-6 3.280143889267301E-6 3.052959955979085E-6 2.126707912720493E-6 1.3829015698120183E-4 7.933255411057421E-6 
Dutch/CSTAUS_business8.nl,0.010030197952010659 4.129137091449778E-6 4.098369311881594E-6 4.6045228458843645E-6 6.127094156672318E-6 1.078516309327484E-6 3.192156823213537E-6 2.3428656197758876E-6 0.001636344098861265 3.685500628742596E-6 5.869165589069513E-6 4.563115811269766E-6 0.940497319780054 0.04563893552526574 6.1074464401919504E-6 3.1149448171584484E-6 2.8992026304046E-6 2.0195997535395676E-6 6.0434063190267715E-6 0.0021373275996606714 
Dutch/CSTAUS_business9.nl,0.0011772090970468528 4.282028495304102E-6 4.250121463415767E-6 4.7750165704556146E-6 6.353964809405319E-6 1.118451014560283E-6 3.310354240062421E-6 2.4296159517983586E-6 3.9772508432622507E-4 3.821965307089376E-6 6.086485805495475E-6 4.7320763390709735E-6 0.9632388936997923 0.034726504793063925 6.333589588148849E-6 3.230283270563223E-6 3.0065527014735833E-6 2.0943803759078354E-6 6.267178224806165E-6 3.9757526161311794E-4 
Dutch/CSTAUS_electronics1.nl,6.2100496716741486E-6 3.3569736085030882E-6 3.331959514343679E-6 3.7434605175475433E-6 4.981305518616401E-6 8.768298815385922E-7 2.5952120194605647E-6 1.9047413248019415E-6 6.242335366028487E-6 2.9962987594743345E-6 4.77161052057079E-6 3.7097967472902136E-6 4.385713486784538E-6 0.029261547091680724 4.965331995763764E-6 2.5324389361635154E-6 2.3570413140615266E-6 0.9706684536623862 4.913267607520999E-6 6.12487914302424E-6 
Dutch/CSTAUS_electronics2.nl,0.004485549904240904 0.0129074382641435 3.4886615764913012E-6 5.371394911775969E-4 0.006083923299362916 9.180671924957807E-7 2.7172648455555635E-6 1.9943213128448187E-6 6.5359124098859295E-6 3.1372146956970703E-6 4.9960193722149605E-6 3.238162539181791E-4 4.591973600213062E-6 0.056765496515289234 5.198851568746035E-6 2.651539544034473E-6 2.4678929714392833E-6 0.9188463812819654 5.14433859222752E-6 6.412932220495656E-6 
Dutch/CSTAUS_electronics3.nl,0.009664709132462613 0.6246174614993306 0.021114851931478936 0.03551579128196777 0.006880863087266116 1.408725164442644E-6 0.005076994782965226 3.060179736682725E-6 0.010973877205597032 4.813888704674571E-6 0.016044339606740832 5.960202934353548E-6 0.009334499081926224 0.1872510177125724 7.977360579877507E-6 4.068646075938829E-6 1.6742637552047982E-4 0.07314950575771532 1.7153323864344677E-4 9.840302616977342E-6 
Dutch/CSTAUS_hardware10.nl,0.006353027037928078 0.01295243748761324 2.7687832916708117E-6 0.8953062197407174 4.139352663584042E-6 7.286258777126721E-7 2.1565627213934125E-6 1.582797129545965E-6 5.187240057408072E-6 2.4898567663781064E-6 3.965100844365886E-6 3.0827575200640298E-6 3.6444291030517766E-6 0.08533984424490403 4.126079025956361E-6 2.1043997033701377E-6 1.958648230885504E-6 1.3644046272871365E-6 4.082814692270113E-6 5.089636582228698E-6 
Dutch/CSTAUS_hardware11.nl,0.00513238175915029 0.002657967339359808 0.003207244848814431 0.8302703042632762 4.477382960134945E-6 7.881273605615918E-7 2.3326732380586073E-6 1.712052456782829E-6 0.0016535108227247442 2.693184940977109E-6 0.002201488873501525 3.334503511138755E-6 0.013095591877115226 0.13771771714723485 4.463025362760836E-6 0.001741726228457571 2.118596535882514E-6 0.0018324758023027287 3.7061622332064994E-4 9.705526837570974E-5 
Dutch/CSTAUS_hardware12.nl,0.011657171290539132 3.727945873874919E-6 0.008147581707654339 0.435475600607988 5.531779370442225E-6 9.737265525985508E-7 2.8820035746699583E-6 2.115230380306969E-6 6.932163038811085E-6 3.327413587341168E-6 5.298911408431369E-6 4.119758773779E-6 0.26332370683391587 0.21912579924762518 0.004416783208217228 0.0486398826026815 2.617513113314755E-6 1.823373358970542E-6 5.456222729397235E-6 0.009168668459616808 
Dutch/CSTAUS_hardware13.nl,0.008975693641161839 0.0035910462633442324 2.934443464692156E-6 0.8458057626141858 0.001798431910950408 7.722205820482618E-7 2.2855928822702607E-6 1.6774980933689747E-6 0.004490609837461045 2.6388283756612796E-6 4.2023383681189105E-6 3.2672032098704296E-6 0.026555726926880626 0.10165862696107714 4.372948099240605E-6 0.007088707644259348 2.0758368912593685E-6 1.4460388625512168E-6 4.3270952000188465E-6 5.394156650434894E-6 
Dutch/CSTAUS_hardware14.nl,0.026406646675825617 0.018049384610261177 2.733158521436807E-6 0.810179830696078 1.7118452791878234E-4 7.192509549593639E-7 0.002174408464482901 1.5624319445071998E-6 0.008443591443561783 2.4578208264457053E-6 0.0020090952983412413 3.043092975471535E-6 0.010280151263523964 0.11916538518181262 4.072990502304393E-6 0.0030098491454503117 1.9334471277856548E-6 1.3468494067324843E-6 8.757950011518715E-5 5.0241503687132065E-6 
Dutch/CSTAUS_hardware15.nl,0.016887993550311536 0.015456281049350325 0.003575948017011863 0.8829873068757867 8.08299423862776E-4 7.689785641896967E-7 2.275997265274304E-6 1.6704554440239055E-6 5.414284032600842E-4 2.6277497681772746E-6 4.184695668152227E-6 3.2534864929113117E-6 0.005006082515048018 0.06862797172026537 8.082854151058587E-4 0.002235362128633312 2.067121893978306E-6 1.4399679497504526E-6 4.308928732768047E-6 0.003042443519584832 
Dutch/CSTAUS_hardware16.nl,0.01334310071680738 0.0013562354484772954 0.014113541259432883 0.7803268759805009 4.72663146890684E-6 8.320011080366986E-7 2.4625293015704704E-6 1.8073595872185776E-6 0.011410202632746277 2.843110095104474E-6 4.527657329912442E-6 3.520129810038355E-6 0.02803162791686798 0.14074520590278342 4.711474607818435E-6 0.008313996457760927 2.236535303229345E-6 0.0016445473934693707 4.662072061646966E-6 6.823367904800186E-4 
Dutch/CSTAUS_hardware17.nl,0.019562052059457432 0.026403944711373868 0.013105779250560964 0.78987408352755 4.782092128178997E-6 8.417635213474093E-7 2.4914237688968366E-6 1.828566519662621E-6 5.992690611683193E-6 2.8764701658641875E-6 4.5807832954393114E-6 3.5614337960318837E-6 0.0072399637535795385 0.13789876069811677 4.76675742172355E-6 0.0058692582701288035 2.262778035123829E-6 1.576263043543485E-6 4.716775203157815E-6 5.879931722003554E-6 
Dutch/CSTAUS_hardware18.nl,0.004786277427683049 0.005669145481286352 9.76779101857699E-4 0.9016417025536179 4.329920588485741E-6 7.621704275083295E-7 2.255846767991284E-6 1.6556660994144984E-6 0.006379931971770708 2.604485036988008E-6 7.124260822186082E-4 3.224681813865333E-6 0.004519087239095667 0.07448341604010296 4.3160358578239104E-6 2.201282263815656E-6 2.0488206707106844E-6 7.982404593523564E-4 4.2707797164897235E-6 5.323953771607603E-6 
Dutch/CSTAUS_hardware19.nl,0.00583726292932034 0.005834993873287745 0.004943924469344966 0.8043776713817519 3.961640379347365E-6 6.973442306519073E-7 0.001541149493945424 1.5148438730260622E-6 0.0065663291145253025 2.382961275866293E-6 3.794869606404412E-6 2.9504073858369975E-6 0.005430789527152647 0.15935931754267563 3.948936610647186E-6 2.0140528040776566E-6 1.8745587899956308E-6 1.3058274818625797E-6 0.004135137076976548 0.0019489791485817814 
Dutch/CSTAUS_hardware1.nl,0.007201577242374583 3.2048585987247074E-6 3.1809779716762753E-6 0.9317428276839701 4.755586932162778E-6 8.370979677498227E-7 2.477614818005875E-6 1.818431517505979E-6 5.9594755595533415E-6 2.860527059052887E-6 4.55539387258859E-6 3.5416942137878757E-6 4.186983044508321E-6 0.06099670267218919 4.740337219762142E-6 2.4176861801210156E-6 2.2502363747470366E-6 1.5675264571661432E-6 4.690632032350325E-6 5.847341646639816E-6 
Dutch/CSTAUS_hardware20.nl,0.005144056083173853 0.007787243062274877 0.010583688824512813 0.7219440540638742 0.0022710998589606053 6.506472830701921E-7 1.925764261694819E-6 1.413403892850058E-6 0.009830047285938863 2.223388696217417E-6 0.004916248345925762 7.833295321430147E-5 3.2543970325161234E-6 0.22940754763268162 0.007561696186092474 1.8791838052606752E-6 1.749030866041292E-6 1.2183840718636255E-6 3.645865962301398E-6 4.580256374787428E-4 
Dutch/CSTAUS_hardware21.nl,0.013766136549075563 2.5197829556503503E-6 0.020874071749005945 0.7813487915049421 3.7390251478007976E-6 6.581585821555106E-7 1.9479959557536214E-6 1.429720720175386E-6 0.002909885891688733 2.2490562705157386E-6 3.5816256732794366E-6 2.7846160568766924E-6 0.00130298684829129 0.1650069429955752 0.002603116797967599 0.010552365208837077 1.7692222881621963E-6 1.2324495223814119E-6 3.6879551101091115E-6 0.001610102846333624 
Dutch/CSTAUS_hardware2.nl,0.00917933138868333 0.010351955645819024 3.84679939981804E-6 0.902874299026839 5.750995171710051E-6 1.0123138193981276E-6 2.9962128879071753E-6 2.1990536660227133E-6 0.010002511387690783 3.459273805699828E-6 5.508899015032831E-6 4.283018397879287E-6 5.063374850777515E-6 0.06659103118856335 5.73255348961338E-6 2.923740380929736E-6 2.721241081485413E-6 1.8956308054683005E-6 5.672444338652218E-6 9.478058112942414E-4 
Dutch/CSTAUS_hardware3.nl,0.014050947024729955 0.0040894915375783766 0.010089720847467037 0.8605952693201757 0.003963862379500587 1.0990319575996908E-6 3.2528783589459087E-6 2.3874318507996354E-6 7.824238431840117E-6 3.7556066011348246E-6 5.980809461151311E-6 4.649915870016889E-6 5.497120228606204E-6 0.10025409978092845 6.2236229151554596E-6 0.005365109258114251 2.9543515613209314E-6 0.0011510441011799938 6.158364616212372E-6 3.906723784730613E-4 
Dutch/CSTAUS_hardware4.nl,0.00637184538342142 0.004671439769284373 0.006793206073460934 0.8974159771827226 5.188463719921011E-6 9.132947200093154E-7 2.7031394396812945E-6 1.9839540503257773E-6 0.0034013697098359947 3.120906226184456E-6 4.970048108683666E-6 3.8640765477365415E-6 0.0013837331357725209 0.07874922701790814 5.171825904093313E-6 2.6377558039944025E-6 2.4550638981405017E-6 0.0011686960075782318 5.117596307356491E-6 6.37959528957159E-6 
Dutch/CSTAUS_hardware5.nl,0.027156600097961326 0.017401715413481268 0.02183431573161021 0.73814737279741 5.419598917674954E-6 9.539800879933858E-7 2.8235586432594843E-6 2.0723350502730537E-6 0.0028879994803766864 3.2599360655935746E-6 5.191453348164593E-6 4.036213069298469E-6 0.02227872495624071 0.16215545152155725 5.402219921979935E-6 0.004546198483786962 2.5644318556375448E-6 1.7863966765551072E-6 0.0035514476010339285 6.663792905367525E-6 
Dutch/CSTAUS_hardware6.nl,0.012035624665932913 0.01670361731066408 5.877282782877578E-4 0.8789025892838183 5.711370158164168E-6 1.0053388615675845E-6 2.9755686389163756E-6 2.1839019351130936E-6 7.1572176798926035E-6 3.4354390140999224E-6 5.893789258467978E-4 4.2535079119605926E-6 5.0284876197749745E-6 0.0906563466969652 5.693055541363342E-6 2.9035954757889907E-6 2.7024914196449896E-6 4.690089567128348E-4 5.63336054931728E-6 7.022546966672937E-6 
Dutch/CSTAUS_hardware7.nl,0.0049257907177043606 0.007748902312124474 3.424029637094676E-6 0.9121878902830073 0.0015751431221244679 9.010588178379286E-7 2.6669240220128113E-6 1.957373947385879E-6 6.414826232417763E-6 3.0790937614531635E-6 4.9034616923685475E-6 3.8123074291979254E-6 4.506901387580053E-6 0.07214676239329953 5.102536161775209E-6 2.6024163661737677E-6 2.422172082361862E-6 1.687297772589892E-6 3.1905386731874E-4 0.0010529769051108666 
Dutch/CSTAUS_hardware8.nl,3.57354163347516E-4 0.013642472168255254 2.8786673139813647E-6 0.8282332382335501 0.006340104766069799 7.57542673925463E-7 2.2421496963309493E-6 1.6456132103924922E-6 5.393104779256513E-6 2.588671100201131E-6 6.201031288210774E-4 9.120234015952763E-5 0.005459617820608679 0.14522093247407036 4.289829710636958E-6 2.187916497425878E-6 2.0363806220584045E-6 1.4185534185473468E-6 4.244848355968125E-6 5.2916277389352005E-6 
Dutch/CSTAUS_hardware9.nl,0.002421355216453175 0.00546335539462981 3.4348151226259156E-6 0.9434106805051999 5.135075456981896E-6 9.038970984232663E-7 2.675324670809982E-6 1.963539556514972E-6 6.435032545694264E-6 3.0887927199124314E-6 4.918907299077987E-6 3.824315966207302E-6 4.5210978533991155E-6 0.04822448565338351 1.1011658563411132E-4 2.610613819770415E-6 2.429801777404646E-6 1.692612658160977E-6 5.064937256041481E-6 3.2130788089834483E-4 
Dutch/CSTAUS_industrial1.nl,0.9205843684812923 7.113920363370989E-6 7.060911822177467E-6 7.932942915548177E-6 1.0556118366643662E-5 1.8581313638241626E-6 5.499635619935102E-6 4.036426757464126E-6 1.3228425914013287E-5 6.3495973592930594E-6 2.2595493458473276E-4 7.861604439685613E-6 9.29397133254782E-6 0.07906113016236091 1.0522268124506425E-5 5.366610232304012E-6 4.994916897450963E-6 3.4794853002857503E-6 1.0411936035273284E-5 1.2979518917986247E-5 
Dutch/CSTAUS_industrial2.nl,0.7824209882189894 0.009254438691633282 0.013803306937309221 0.01319739880929662 0.0025851287975925718 1.3053402214042275E-6 3.863502719739901E-6 2.835596180038848E-6 0.012594598163242286 4.460602185708352E-6 7.103516046290761E-6 0.003947907542575954 6.5290295579449475E-6 0.13635945639776645 7.391909996637697E-6 0.019260803268875023 3.5089370190682384E-6 0.006522542204698257 7.314401529480038E-6 9.118132564780193E-6 
Dutch/CSTAUS_industrial3.nl,0.7206524689786226 0.010334185712431873 0.016690422588774012 0.01144713697160187 0.009859999216035987 1.3679833459830757E-6 4.048911763462639E-6 2.9716761091246095E-6 0.013516825251385443 4.674665962978172E-6 7.444412950667876E-6 5.787827575367403E-6 6.842356922926733E-6 0.14083754109628507 7.746646892967204E-6 3.950976537560335E-6 3.677330496278617E-6 0.07659568626682219 7.665418803534482E-6 9.555710680290583E-6 
Dutch/CSTAUS_leisure10.nl,1.1247058244471606E-5 7.439520241252759E-4 6.034531880957077E-6 6.779803818442991E-6 0.011814976697422996 1.588031862794921E-6 4.70020406966518E-6 3.4496884490980493E-6 0.9389536661203518 0.0016656390400760263 8.641892461759544E-6 6.718835162018279E-6 0.004619644173703297 0.03934512812142982 5.623968843897077E-4 4.586515361626771E-6 0.0022178854188797986 2.9737044595213096E-6 8.898448462420591E-6 1.1092805388684106E-5 
Dutch/CSTAUS_leisure11.nl,1.1121908404233673E-5 0.00474881280626272 3.707982007932023E-4 6.704362636733123E-6 0.013507661521508476 1.5703612924465172E-6 3.694787205010375E-4 3.411302593090993E-6 0.9420043497403794 5.3662308864606334E-6 1.90961139786631E-4 0.0012835519325984698 7.85460765470498E-6 0.03379969006564922 8.892677284915775E-6 4.535479646128582E-6 4.221350711502393E-6 0.0020095101096379024 8.799432401577766E-6 0.0016527080493713739 
Dutch/CSTAUS_leisure12.nl,1.1067399072885178E-5 0.0032733674953960416 5.938136985947305E-6 6.671504038085876E-6 0.0070882112488301575 1.5626648305700434E-6 4.6251235685165105E-6 0.0012740442197753223 0.944103804663787 5.339930574782894E-6 8.503847898739531E-6 3.6965426249901354E-4 7.816111616462142E-6 0.04143945437041363 8.84909358730915E-6 4.513250910387415E-6 4.200661545910642E-6 2.926202857935573E-6 8.756305704339934E-6 0.0023706935061072105 
Dutch/CSTAUS_leisure13.nl,1.1162633129902508E-5 6.034197276941072E-6 5.989234165381443E-6 6.728911780570831E-6 0.004952204485407386 1.5761114326662926E-6 4.664922375692032E-6 3.4237936474341612E-6 0.9524108234574941 9.208026457030021E-4 3.74743728995415E-4 6.668400780334244E-6 7.402167809853646E-4 0.03666970357386075 5.581752985878166E-4 4.55208706255856E-6 0.0020181536919168072 2.951382592395466E-6 8.83165299336571E-6 0.0012925930098123689 
Dutch/CSTAUS_leisure14.nl,1.1318044038884614E-5 6.1182079286281386E-6 6.07261882157472E-6 6.822594541986465E-6 0.01040448837147836 1.5980547239630025E-6 4.729869401926835E-6 3.471461153543407E-6 0.9602873533617734 5.460864744459211E-6 0.003906975095332782 9.349228266955978E-4 7.993124211513097E-6 0.023629075577098098 9.049500272449013E-6 4.615463147746094E-6 4.29579452732896E-6 2.99247299159612E-6 7.514838794999638E-4 1.1162817616385665E-5 
Dutch/CSTAUS_leisure15.nl,7.65643958281337E-4 0.0017030487556276253 6.167646729523171E-6 0.0035891361719921056 0.005853873902066723 1.6230620233946445E-6 4.803885177877999E-6 3.52578461770907E-6 0.9589117577268503 5.546319565106235E-6 8.832522692747592E-6 0.005097371464113447 0.0017049530117023161 0.018908332818407175 9.191112170731602E-6 4.687688627399986E-6 4.363017644554458E-6 3.0393009675219795E-6 0.0034027643507962024 1.1337499946375902E-5 
Dutch/CSTAUS_leisure16.nl,1.129707302046967E-5 1.9139523364427916E-4 6.061366965627115E-6 6.809953068310789E-6 0.004085405755937019 1.595093714540422E-6 4.721105504385236E-6 3.4650289400330506E-6 0.9594344944640387 5.450746397620824E-6 8.680322272140113E-6 6.7487132891064395E-6 0.005751917537212744 0.026549907442681948 0.002973646525288155 4.6069112316789415E-6 4.287834920012544E-6 9.294287385019471E-4 8.938019156988395E-6 1.1142134214466426E-5 
Dutch/CSTAUS_leisure17.nl,1.1349646957834228E-5 6.135291554440252E-6 5.64541527467594E-4 1.9299229577047445E-4 0.0029875143748067583 1.602516907865534E-6 4.7430764259353834E-6 1.8963180514711516E-4 0.9491935769409751 5.476112897348618E-6 8.720718463136913E-6 0.0026128892310352753 8.01544309061825E-6 0.03895940745736232 9.074768827922218E-6 4.62835071977462E-6 3.766090910460892E-4 3.000828753518181E-6 8.979614609055606E-6 0.00485111090718209 
Dutch/CSTAUS_leisure18.nl,1.1146307503084334E-5 6.025372114298515E-6 0.003113845490561212 6.719070580798015E-6 8.94085651690787E-6 1.5738063307450766E-6 4.6580998114318765E-6 3.4187862646114904E-6 0.9508350835017921 5.378003254393854E-6 8.564478701326738E-6 0.0040286016097013854 7.871838991417604E-6 0.031131605551214886 3.745433642546328E-4 4.545429522732396E-6 4.23061145611112E-6 0.003293627671085863 0.007138626713903406 1.099343643880568E-5 
Dutch/CSTAUS_leisure19.nl,1.0812253895415462E-5 5.8447923759616826E-6 3.604744927959679E-4 6.517700775858014E-6 0.00674746469189336 1.5266395284285224E-6 4.518497073353824E-6 3.316325616973137E-6 0.9445057390833481 5.216825089455548E-6 8.307802218357849E-6 0.004085201489467134 0.004973061451689241 0.03569603017234994 8.64508869520115E-6 4.40920350079166E-6 4.1038204969375895E-6 2.8587428754606E-6 0.0019592573270396274 0.001606693599274555 
Dutch/CSTAUS_leisure1.nl,1.054849444290658E-5 5.70221162896633E-6 5.659722269430542E-6 6.358704769577959E-6 0.002257598986144815 1.4893979310620878E-6 4.408270627900473E-6 1.7624601454338065E-4 0.9731951665089688 5.089563286066633E-6 8.105137594879551E-6 6.301522925267366E-6 7.449646426266881E-6 0.024271597682864254 8.434196139107566E-6 4.30164321663461E-6 4.0037098763457116E-6 2.7890052922528224E-6 8.345758696721683E-6 1.0403822355618625E-5 
Dutch/CSTAUS_leisure20.nl,1.957151055115232E-4 0.002035228354994637 6.034531880957077E-6 6.779803818442991E-6 0.007572211610280809 1.588031862794921E-6 4.70020406966518E-6 0.0018481301611196137 0.9518664294290454 5.426614672562015E-6 8.641892461759544E-6 6.718835162018279E-6 7.94299202700783E-6 0.03602470327062289 8.992742588552969E-6 4.586515361626771E-6 4.268851675179787E-6 2.9737044595213096E-6 8.898448462420591E-6 3.8002889992278725E-4 
Dutch/CSTAUS_leisure21.nl,1.109963621280791E-5 6.000142961873635E-6 5.955433602038915E-6 6.690936807045817E-6 0.008565258702485822 1.5672165634987707E-6 4.6385956367645495E-6 3.4044712848655446E-6 0.9565024478809421 5.355484734164271E-6 8.52861792219201E-6 0.0027373824532717665 7.8388784004348E-6 0.027360250520594032 8.87486924302417E-6 0.0021891277458900684 4.212897240415896E-6 2.9347263068825507E-6 0.0025574833846573742 1.0947405243001244E-5 
Dutch/CSTAUS_leisure2.nl,1.1261600082105344E-5 6.087695954765551E-6 6.042334204098031E-6 6.788569737865954E-6 0.0033337513173076656 1.5900851020512677E-6 4.706281179158243E-6 3.45414870957002E-6 0.9479253576833754 5.433630991652214E-6 8.653065961024466E-6 0.0035161520571631503 0.002409138469982754 0.03293126983636819 9.004369718044276E-6 4.592445477773027E-6 4.274371069371019E-6 0.006283000401244244 8.909953674709887E-6 0.0035205316826966058 
Dutch/CSTAUS_leisure3.nl,9.21517960650418E-4 0.002008917102922712 1.880397786627391E-4 0.004376690411336986 0.007656401989339247 1.567501927400838E-6 4.639440247383049E-6 3.4050911820979706E-6 0.9517603629272466 5.356459878287167E-6 8.530170840752342E-6 6.631974655606928E-6 0.0012824231304604927 0.02863981518895325 8.876485208154013E-6 4.527221296901618E-6 4.2136643384823234E-6 2.9352606714176993E-6 0.0031041988415989705 1.0949398582243831E-5 
Dutch/CSTAUS_leisure4.nl,1.0804589697482008E-5 0.0014235280265592564 1.8300805057340798E-4 6.513080744798774E-6 0.01223622038088886 1.5255573796340075E-6 4.515294165221357E-6 3.3139748604901574E-6 0.9381654826424296 5.2131271759162865E-6 8.301913285189115E-6 0.005854414941708962 7.630508169936345E-6 0.039746578476182716 0.001957959104366429 4.40607806471831E-6 4.100911529679131E-6 2.8567164736159603E-6 3.629702204680682E-4 1.0656405276256305E-5 
Dutch/CSTAUS_leisure5.nl,1.1413385230479282E-5 6.169746624920121E-6 6.123773483330763E-6 6.880066865929143E-6 0.0024427037492670205 1.6115164529589905E-6 0.004871867033065619 3.5007041253693096E-6 0.946849097529962 5.506866098587655E-6 1.9596574375730058E-4 6.818196575259845E-6 9.440407107317595E-4 0.038991002823083466 9.125731654510025E-6 4.654342989064573E-6 4.331981536999031E-6 0.005431703153454123 9.03004306082383E-6 1.98452901980661E-4 
Dutch/CSTAUS_leisure6.nl,1.0969827422318723E-5 5.929972076476123E-6 5.885785586743848E-6 9.062179881671612E-4 0.00900485230534893 1.5488881712305949E-6 4.584347868852839E-6 3.364656439471457E-6 0.9588103566529826 5.292853042233414E-6 8.428876853584133E-6 0.0023455270039208077 7.747203745117891E-6 0.02650051279673938 8.771078810608258E-6 0.001983605123670591 4.1636279594458965E-6 2.900405067428447E-6 8.679108957858631E-6 3.706614971693396E-4 
Dutch/CSTAUS_leisure7.nl,0.002189721399583408 5.983802682609599E-6 5.939215080444665E-6 6.672715278548936E-6 0.009086595802871002 1.562948539140432E-6 4.625963279739177E-6 3.395199837185951E-6 0.9548053620906313 5.340900062314519E-6 8.505391809169303E-6 1.8816704223391102E-4 7.81753066539018E-6 0.033277032915984064 8.85070017858949E-6 4.514070310644297E-6 4.2014241942140795E-6 2.926734122742492E-6 8.75789544957811E-6 3.7402625720625777E-4 
Dutch/CSTAUS_leisure8.nl,1.1103679064851481E-5 0.0025556322227987213 5.9576027665454575E-6 6.69337386597506E-6 0.010207426240255219 1.56778739524181E-6 4.640285165636474E-6 3.4057113051173273E-6 0.9537548583284959 5.3574353775895795E-6 8.531724324936613E-6 0.001463564550668652 7.841733577393117E-6 0.028645030969594358 8.878101761871428E-6 4.52804577824141E-6 4.21443171595106E-6 2.9357952305859615E-6 8.785009711353312E-6 0.003289046971146028 
Dutch/CSTAUS_leisure9.nl,1.0975751728981362E-5 7.260060842208077E-4 5.8889642328085486E-6 6.616258390855884E-6 0.0075695695987289 1.549724655539713E-6 4.586823667384368E-6 0.0012634940653994415 0.9481670365761155 5.295711472301208E-6 8.433428907994821E-6 6.55676044733842E-6 1.8776961506756116E-4 0.037675954622101424 8.775815672788105E-6 4.475877408665419E-6 4.165876546220443E-6 0.0012630295633062711 8.683796151288875E-6 0.003071135085778205 
Dutch/CSTAUS_software10.nl,0.8305041001565544 4.126035583670503E-6 0.005261986703600146 0.006263995603174202 6.320619458198416E-4 1.0777062062358764E-6 3.189759106935149E-6 2.3411058293439887E-6 7.672415946374776E-6 3.6827323484415523E-6 5.864757098305172E-6 4.559688330207029E-6 0.00751666390012476 0.1476327858570659 6.1028589701646205E-6 3.112605096929145E-6 2.8970249600311664E-6 2.0180827769393972E-6 0.0011327298839553263 0.0010090311774520098 
Dutch/CSTAUS_software11.nl,0.9535620963708199 2.685469095851452E-6 2.665458638618288E-6 0.009943520125019943 3.9848814996206215E-6 7.014352282146675E-7 2.0760847382864295E-6 1.5237307646358466E-6 4.993664135144971E-6 2.3969410126207036E-6 3.8171323593295776E-6 2.9677160676817234E-6 3.508427353192866E-6 0.035956157088962756 4.928504054514813E-4 2.0258683246635934E-6 1.8855559634202302E-6 1.3134881705309165E-6 3.930453395947068E-6 4.8997029981868546E-6 
Dutch/CSTAUS_software12.nl,0.9573845971618106 2.84937869408621E-6 2.8281468837528933E-6 3.177426421773162E-6 4.2281016977695954E-6 7.442478476642757E-7 2.2028001102411936E-6 1.6167328020956053E-6 5.298456129726243E-6 2.5432400852773212E-6 4.05011386427154E-6 3.148852819201225E-6 3.7225668191007196E-6 0.04230050662411219 4.214543469140536E-6 2.1495187005644373E-6 2.000642270274702E-6 1.3936578953102548E-6 4.170351534415818E-6 2.6455743603259616E-4 
Dutch/CSTAUS_software13.nl,0.9493579758965149 3.0970461453404634E-6 3.073968870112754E-6 3.453607718791266E-6 4.59560748887547E-6 8.089377282740512E-7 2.394267074621295E-6 1.7572589081148607E-6 5.758996923393058E-6 2.7642980271913165E-6 4.402148986923194E-6 3.4225505041473953E-6 4.046131615217089E-6 0.050111822448988666 9.854823163337657E-5 2.3363544550034862E-6 2.174537713859944E-6 1.5147943730863517E-6 3.804022810994459E-4 5.650635230652863E-6 
Dutch/CSTAUS_software14.nl,0.9294588925901535 2.825198284429569E-6 0.027861555556544938 3.1504621320872135E-6 4.192221163064188E-6 7.379320083972994E-7 2.1841066985273084E-6 1.6030128772779119E-6 5.253492348663928E-6 2.5216576303916894E-6 4.015743770679775E-6 3.1221310109435928E-6 0.004032495026402761 0.03842704724453544 4.178777992332891E-6 2.1312774457771625E-6 1.9836644112866926E-6 1.3818310297203086E-6 4.1349610793935825E-6 1.7659311248042272E-4 
Dutch/CSTAUS_software1.nl,4.881135091251541E-6 2.638600743502962E-6 0.8039419029749417 0.04683668876296839 3.9153350540928305E-6 6.891933768835929E-7 2.0398517124922967E-6 1.4971377383107587E-6 4.906511834432388E-6 2.3551082184501807E-6 3.7505135683502833E-6 2.9159217787266746E-6 3.4471962596634177E-6 0.14917065920523984 3.902779772404417E-6 1.9905117046232968E-6 1.8526481554685781E-6 1.2905644189684363E-6 3.861856861012019E-6 4.8141905613181045E-6 
Dutch/CSTAUS_software2.nl,0.010710690733704531 3.041598808849984E-6 0.8883387686984497 0.008862755165215093 4.513330963807475E-6 7.944550759936074E-7 2.3514018004521214E-6 1.7257981802449423E-6 5.655891891929633E-6 2.714807979035513E-6 4.323336006843326E-6 3.3612755664960365E-6 3.9736925198257456E-6 0.08686695001707158 0.00480332069350828 3.714346671935082E-4 2.135606319662595E-6 1.487674559762043E-6 4.451684953597494E-6 5.549470230741465E-6 
Dutch/CSTAUS_software3.nl,0.004449372708278805 0.005579731403681072 0.9031055246096206 0.006887138481733061 4.261628840319893E-6 7.501494331664775E-7 2.220267427393197E-6 1.6295528416774806E-6 5.34047075157215E-6 2.563406954235015E-6 7.0118965845531E-4 3.173821953078718E-6 3.7520852737922976E-6 0.07749130403567094 0.0013984628207409603 2.1665635176099614E-6 2.0165065572248085E-6 1.4047090407798783E-6 4.203420741443872E-6 3.537936984869718E-4 
Dutch/CSTAUS_software4.nl,4.636521423715961E-6 2.5063696552490874E-6 0.9768851341491183 6.872059356280605E-4 3.7191215813436683E-6 6.546550745401721E-7 1.9376263900430603E-6 1.4221100355064471E-6 4.6606264343789565E-6 2.2370841015207368E-6 3.5625599751910976E-6 2.769792997775784E-6 3.2744431389185064E-6 0.022379454101458442 3.7071954962341915E-6 1.8907590120143408E-6 1.7598043698551794E-6 1.225888951108388E-6 3.6683233995098553E-6 4.572931758313485E-6 
Dutch/CSTAUS_software5.nl,0.002724896989192604 0.008742767489721786 0.9212506434980763 3.568973989758857E-6 4.749121767853239E-6 8.359599429419737E-7 2.4742465299012406E-6 1.8159593813187904E-6 5.9513737228629805E-6 2.856638206275623E-6 4.549200868380893E-6 3.536879322302784E-6 4.897127902288347E-4 0.06499224296922268 4.7338927872566365E-6 2.414399364292317E-6 2.247177204952526E-6 1.565395423447342E-6 0.0017525976527915609 5.8393922546806736E-6 
Dutch/CSTAUS_software6.nl,5.56399554469607E-6 0.018072009906710113 0.9132176556688187 9.159298818986682E-4 4.463082129402637E-6 7.856100695281367E-7 2.3252226434973916E-6 9.296417085845294E-5 5.592922440460581E-6 2.684582866436102E-6 4.275202467152481E-6 3.323853055121554E-6 3.92945170987725E-6 0.06381548730650534 4.448770390417591E-6 2.2689800731062504E-6 2.1118297056338016E-6 0.0034692594071507096 1.869172958980884E-4 1.8800285906454614E-4 
Dutch/CSTAUS_software7.nl,0.040891085300852774 3.8944547595574E-6 0.9106745897571229 4.342821639363158E-6 5.778856567906002E-6 1.0172180969283246E-6 3.0107284059809936E-6 2.209707249205431E-6 7.2417884416504075E-6 3.4760326787597445E-6 5.535587546926639E-6 4.303768001893019E-6 1.23249410672549E-4 0.0377277476410667 5.760325542835451E-6 0.009455858359671238 2.7344244651698447E-6 1.9048144196664496E-6 0.0010691534763591134 7.105526439006158E-6 
Dutch/CSTAUS_software8.nl,0.6985206627751678 0.002265507810813413 0.22544531265259007 2.1938332578724486E-4 5.2678220138360816E-6 9.272636932418554E-7 2.7444843436311897E-6 2.0142989109894933E-6 6.601384222673827E-6 3.168640932823725E-6 1.1275833949546761E-4 3.923178150626863E-6 5.43199341462804E-4 0.07284469762650671 5.2509297202381164E-6 2.6781006558945635E-6 2.4926144512379185E-6 1.7363682960948232E-6 5.195870674070972E-6 6.477172111031321E-6 
Dutch/CSTAUS_software9.nl,0.7244448115495843 3.191205047853528E-6 0.011428426870454051 0.003876527910245718 1.015595594445101E-4 8.335317075437153E-7 2.4670595192571896E-6 1.8106845151140781E-6 1.0275831918583253E-4 2.848340452213288E-6 0.0033933841269390085 3.5266056535196135E-6 4.1691453820237086E-6 0.2491567970777377 4.720142121169548E-6 5.83352781665973E-4 2.240649768702385E-6 1.5608483771306137E-6 4.6706486910892895E-6 0.006880342943507472 
Dutch/CSTAUS_undef10.nl,0.003223465475360707 3.926000101220666E-6 0.002505387801952649 4.377998782469041E-6 5.8256656891084595E-6 1.0254576309311046E-6 3.035115505609997E-6 2.227606024375669E-6 1.2641906912130233E-4 3.504188773836997E-6 5.580426172936142E-6 4.338628807947055E-6 5.129117354222745E-6 0.03338771865060336 7.205187148413914E-4 0.9599799340896191 2.756573484565818E-6 1.920243542710191E-6 5.746094957551084E-6 7.163081674091569E-6 
Dutch/CSTAUS_undef11.nl,7.3070799752915045E-6 3.949996526462903E-6 3.920563591752898E-6 4.40475790569511E-6 5.861273215239569E-6 1.0317254141061657E-6 3.053666682495927E-6 2.2412215567381025E-6 7.345069067678485E-6 3.5256070116816467E-6 5.614534750630027E-6 4.365147294742648E-6 3.64700556503231E-4 0.045216919993369124 5.842477905194988E-6 0.9542223761504349 1.2262011851297094E-4 1.931980419794123E-6 5.781216132927722E-6 7.206863729482481E-6 
Dutch/CSTAUS_undef12.nl,0.0064307687348723035 4.1879333004188545E-5 4.156727407812295E-5 4.670088236776835E-5 6.214339966251972E-5 1.0938736755023888E-5 3.237611046573757E-5 2.376226492402774E-5 7.787515542438312E-5 3.737979744917237E-5 5.9527386647040354E-5 4.628091593097177E-5 5.471319616835218E-5 0.0029093848626671887 6.194412479151652E-5 0.9898751649400073 2.9404853778469027E-5 2.048357531863008E-5 6.129460468586087E-5 7.64098510013309E-5 
Dutch/CSTAUS_undef1.nl,0.012163129275368749 1.0816809590539242E-5 1.0736209405623638E-5 1.2062144166235858E-5 3.442431307725667E-4 2.825313207072628E-6 8.362268380805451E-6 6.137440037486999E-6 2.0113995797759073E-5 9.65464639802604E-6 1.537503968172188E-5 1.1953673074282423E-5 0.010844481260875059 0.00501795226990522 0.003297923385145934 0.9681757806827765 7.5948369169952275E-6 5.29060321789105E-6 1.583148584883194E-5 1.9735529432625097E-5 
Dutch/CSTAUS_undef2.nl,0.05757859970814077 7.269253225606163E-6 0.011696690468825377 8.106159182540015E-6 1.0786611821198875E-5 1.8987037695314127E-6 5.619720481510673E-6 4.124562368971372E-6 1.3517269358293279E-5 6.488241184565308E-6 1.0332534363730794E-5 8.033263026934467E-6 0.022506223111803933 0.027853961082212317 0.0015546449973834586 0.878701142662868 5.103981196554283E-6 3.5554600628908367E-6 1.063928126029098E-5 1.3262927463624089E-5 
Dutch/CSTAUS_undef3.nl,0.005905896137578022 6.475204046535382E-6 6.426954824881939E-6 7.22069146741908E-6 9.608347700283769E-6 1.6913008737037886E-6 5.005856265138061E-6 3.6740201658780336E-6 0.0011908242623729784 5.779505028825225E-6 9.203870913083577E-6 7.155758046185215E-6 0.017886676508533084 0.022453796061244483 9.577536668719259E-6 0.9524619831716457 4.546453214884794E-6 3.167083147609832E-6 9.477110637196098E-6 1.181416562554851E-5 
Dutch/CSTAUS_undef4.nl,0.026713872450783115 4.5605057793090405E-6 4.526523706679929E-6 5.085554822846347E-6 6.767188323617475E-6 1.1911883167918963E-6 3.525639696214283E-6 2.587623506436042E-6 2.8522058818625744E-4 4.07052285859716E-6 6.48231409998435E-6 5.039822018029826E-6 0.03362990079286591 0.054696284269872546 6.745488020969621E-6 0.8846037113499525 3.2020807395149587E-6 2.230586232406844E-6 6.674757663460733E-6 8.320752554794997E-6 
Dutch/CSTAUS_undef5.nl,0.03374104435133784 4.537901020197715E-6 2.798726564422963E-4 5.060347587666548E-6 6.7336458462435015E-6 1.1852840319909713E-6 3.5081643897673903E-6 2.5747976031559343E-6 1.4612256952302078E-4 4.050346765609142E-6 6.450183639942198E-6 5.0148414636364106E-6 0.010469934158660894 0.04272201060932723 6.712053104058837E-6 0.9125748611670689 3.186209196472486E-6 2.2195300323052323E-6 6.6416733310620005E-6 8.279509627754002E-6 
Dutch/CSTAUS_undef6.nl,0.004391593767926089 5.348714825453049E-6 5.308859505787498E-6 5.9645100330809676E-6 7.93678645850758E-6 1.3970657901230846E-6 4.134989017644492E-6 3.0348520276762416E-6 9.946003636476233E-6 4.774046348083529E-6 7.602676371365715E-6 5.910873058813448E-6 0.009094956543654232 0.020170367746657068 7.911335612459758E-6 0.9652761414400572 3.7555081722396645E-6 2.616106683792772E-6 8.19254159472783E-4 1.720440146911033E-4 
Dutch/CSTAUS_undef7.nl,0.009349464499366073 3.665751199859814E-6 3.6384362857818482E-6 4.087787538474812E-6 5.439490687529958E-6 9.57481519122308E-7 2.8339220630543793E-6 2.0799412241816155E-6 6.816511246911469E-6 3.2719011388294063E-6 5.210507746245214E-6 4.051027342952263E-6 0.0012282357307580587 0.04174062464946104 5.4220479050145626E-6 0.9476177800710902 2.573844192058755E-6 1.7929533594572107E-6 5.365194585349654E-6 6.688251289991279E-6 
Dutch/CSTAUS_undef8.nl,0.0068398630604718505 5.002850386550273E-6 4.965572235087412E-6 0.0027378221508113135 3.1100616090983104E-4 1.306727196389915E-6 3.0745019944669643E-4 2.8386091117686264E-6 9.302864288181766E-6 4.465341749809139E-6 7.111063809628686E-6 5.528657730341736E-6 0.00516744002418119 0.033438053798154184 7.399764189815595E-6 0.9511280335544853 3.512665401747326E-6 2.4469411365861773E-6 7.322173366883278E-6 9.12782093688132E-6 
Dutch/CSTAUS_undef9.nl,0.008733608758471576 4.9576982599656876E-6 4.9207565542654696E-6 0.002863533875560808 7.356569512327547E-6 1.2949336172851835E-6 3.832701597811755E-6 2.8129898691298086E-6 9.218903331230414E-6 4.4250407892861434E-6 7.046884466159489E-6 5.478760045143245E-6 6.47697797416859E-6 0.046373343633497835 7.3329792445186345E-6 0.9419421511892935 3.4809626122145065E-6 2.4248568071724504E-6 7.256088700504964E-6 9.045439795224257E-6 
Dutch/D_CKTAUS_electronics1.nl,0.0356861518721234 0.22273051241808609 0.08563448041169622 0.02249290840750823 5.287756483428967E-6 0.5538990663703439 1.1087474812741849E-4 2.021921412335711E-6 6.6263651526885865E-6 3.180631690324689E-6 5.065161004931538E-6 3.938024224648676E-6 4.655523504337911E-6 0.07939130915135334 5.270800266085629E-6 2.6882351129721556E-6 2.50204699221111E-6 1.7429390535937743E-6 5.215532865710854E-6 6.501682998103076E-6 
Dutch/D_CKTAUS_finance1.nl,1.438078978580111E-6 7.773839877733304E-7 7.715914023866225E-7 8.668838676097823E-7 1.153535177807387E-6 0.5477277265347903 0.3381377888489852 4.410864008583782E-7 3.316576529968844E-4 6.938614805610851E-7 0.014341744639564615 8.590882519695994E-7 1.015612226128916E-6 0.06913909349639626 0.0031145781842611985 5.864441334899558E-7 5.458268040685297E-7 3.802258136121563E-7 1.1377794439782206E-6 0.027196743245036563 
Dutch/D_CKTAUS_hardware1.nl,0.01395321813817914 2.1997436315723205E-6 2.1833525005287715E-6 0.41887737231670713 3.2641290547346892E-6 0.5201903644253587 1.7005796822257225E-6 1.2481309321028704E-6 4.090451421118822E-6 1.963402124385706E-6 3.1267209930939875E-6 2.430940102897699E-6 2.8738519981266783E-6 0.04680571257328782 3.253661991460835E-6 1.6594459986402812E-6 1.5445121781197725E-6 1.0759152815180214E-6 6.996188441753167E-5 7.075582415909291E-5 
Dutch/D_CKTAUS_industrial1.nl,6.824718252722897E-5 0.47054137621068526 2.1042821281968546E-6 2.3641634992187153E-6 3.1459182300351536E-6 0.5283682160760286 1.6389929853359095E-6 1.2029297208937527E-6 3.942315232942541E-6 1.8922972812717992E-6 3.0134864178057153E-6 2.342903315889574E-6 2.769775103780178E-6 9.835116736988643E-4 3.135830232711522E-6 1.59934896302857E-6 1.4885774845851584E-6 1.0369508807230854E-6 3.1029492324403244E-6 3.868136351161612E-6 
Dutch/D_CKTAUS_legal1.nl,1.5499068390204695E-6 8.378349013797019E-7 8.315918731175595E-7 9.342944685635495E-7 1.2432363505512193E-6 0.5264378533143294 6.477141199074634E-7 4.7538615018510336E-7 1.5579647163528458E-6 7.478175191158918E-7 0.4589468209554979 9.258926504610249E-7 1.094588237861737E-6 0.010633223337712864 1.2392496719219844E-6 6.320471870724045E-7 5.882713739281413E-7 4.097929235232016E-7 1.2262554197544126E-6 0.003967160548057157 
Dutch/D_CKTAUS_pharma1.nl,2.273142952368658E-6 1.2287954691027762E-6 1.2196392441360574E-6 1.3702661561223063E-6 1.8233702034440219E-6 0.5308706399425615 9.499582489408403E-7 6.97216535691836E-7 2.2849608930396713E-6 1.0967730965755505E-6 1.7466128935744156E-6 0.46909401567780773 1.6053581260493908E-6 1.0799556612809642E-5 1.8175232130306293E-6 9.269806240522667E-7 8.62777616085686E-7 6.01015411110791E-7 1.7984654271093256E-6 2.2419669075403628E-6 
Dutch/D_CKTAUS_software1.nl,0.0798412094256152 1.4959492525487093E-6 0.030865692085917433 0.008625490800584478 2.2197911381894353E-6 0.5442543753501561 1.1564897236259838E-6 0.14842137500095523 0.011985356329209624 0.05070033454100099 2.1263459365962617E-6 0.05542106066587194 1.954380813667957E-6 0.05329929360442815 2.212672947116546E-6 1.1285165078698219E-6 0.016567867499902154 7.316828370777818E-7 2.189471786857529E-6 2.7293954151888478E-6 
Dutch/D_CKTAUS_undef1.nl,2.9774989096076894E-6 1.6095499693813413E-6 1.5975565970216666E-6 1.7948567561380535E-6 0.2754334533351094 0.5300587146011084 1.2443122626523914E-6 9.132560152539908E-7 0.018169722796290356 1.4366191513551275E-6 0.0010278290176510203 1.778716170388526E-6 2.102794311664871E-6 0.17088884384093866 2.3807008614862066E-6 4.407318716679212E-4 1.1301178434256364E-6 7.87246015203347E-7 2.3557378310084757E-6 0.0039585955745394625 
Dutch/D_CSTAUS_business1.nl,5.7649645024480635E-6 3.11637341275211E-6 3.093152122663618E-6 3.4751601260798788E-6 4.624286601387272E-6 0.5032159712568416 2.4092086149905685E-6 1.768225167974996E-6 5.79493622437142E-6 2.7815487637544102E-6 4.429620812224919E-6 3.4439090973743784E-6 0.476933280940962 0.014966884439216033 0.00217934613910723 2.35093458884753E-6 2.1881080224443712E-6 1.5242475211985761E-6 0.002652066649999557 5.685898295206425E-6 
Dutch/D_CSTAUS_electronics1.nl,3.7331772246472315E-6 2.018047854942044E-6 2.003010608615814E-6 2.2503848252967593E-6 2.9945165166601716E-6 0.5206963160487079 1.5601141563122257E-6 1.1450370461655327E-6 3.752585800297649E-6 1.8012278288416358E-6 2.8684581705575584E-6 2.2301478180158595E-6 2.6364758042713665E-6 0.01244732747296279 2.9849140183125588E-6 1.5223780580078376E-6 1.4169376118427905E-6 0.4668148034726434 2.9536154621529127E-6 3.6819768809177285E-6 
Dutch/D_CSTAUS_hardware1.nl,0.0028163118644450006 2.059922366152286E-6 2.0445730968290213E-6 0.47975250582646184 3.056652761417233E-6 0.4872507500540777 1.592486539141388E-6 1.168796575211576E-6 3.83045198953451E-6 1.8386033225527079E-6 2.927978703494857E-6 2.276423405374854E-6 2.6911827010137452E-6 0.03014311721771627 3.04685101114221E-6 1.5539674164564788E-6 1.446339080081525E-6 1.0075273866799878E-6 3.0149030096596683E-6 3.7583779344399554E-6 
Dutch/D_CSTAUS_industrial1.nl,0.5002286208869955 4.816422190371518E-6 4.780533186693845E-6 5.370934778821646E-6 7.146934481734716E-6 0.45944933615615985 3.7234837734760955E-6 2.73283005873392E-6 8.956198672675046E-6 4.298943488134831E-6 6.8460743143391335E-6 5.322635641268619E-6 6.292408050172272E-6 0.039937153831338855 7.124016449334649E-6 3.6334200117044427E-6 3.381768048432942E-6 2.3557573539418373E-6 1.5318420190081524E-4 1.5492256310536165E-4 
Dutch/D_CSTAUS_leisure1.nl,6.2252672843005085E-6 3.3651998106547598E-6 3.3401244199171844E-6 2.0795943609124302E-4 3.113037155549817E-4 0.5264460152885349 2.6015715388337452E-6 1.909408858423527E-6 0.465291456655496 3.0036411345349566E-6 4.783303264485081E-6 3.7188875360612436E-6 4.396460597107425E-6 0.007687330932219157 4.97749945059387E-6 2.538644631249374E-6 2.3628172004969155E-6 1.6459508506711965E-6 4.9253074795242675E-6 6.1398880468349385E-6 
Dutch/D_CSTAUS_software1.nl,2.9118030810771116E-6 1.5740367006917466E-6 0.3915676698592008 0.01485442746469547 2.3356625991339954E-6 0.523234741457547 1.2168576346147687E-6 8.931058447907714E-7 2.9269413793623062E-6 1.4049214452278043E-6 2.2373396269070983E-6 1.7394704020165043E-6 2.0563980513376385E-6 0.07031329839731237 2.3281728437347565E-6 1.18742423761848E-6 1.1051828122753415E-6 7.69876141763832E-7 2.3037606000145208E-6 2.8718678437035734E-6 
Dutch/D_CSTAUS_undef1.nl,0.006215207508875626 7.569774050774557E-6 7.51336876942474E-6 8.441278839384841E-6 1.1232545039463881E-5 0.4423545448565954 5.852047377259786E-6 4.29507739274514E-6 1.407609167683192E-5 6.756473908637804E-6 1.0759695401694255E-5 8.365369057461116E-6 0.004603374127785098 5.25877191858135E-4 4.7054498640779836E-4 0.545711681814039 5.314986728103166E-6 3.7024476225193054E-6 1.1079123632582896E-5 1.381123494195994E-5 
